Time (s),O2 (Vol fr),CO2 (Vol fr),CO (Vol fr),HRR (kW/m2),MFR (kg/s),k_smoke (1/m),original HRR (kW/m2),Mass (g)
0.0,0.20954361,0.00059431,1.26e-06,7930544.196960556,0.026296492056819016,,-2.02539036,-0.76851904
1.0,0.20954587,0.00060927,-9.4e-07,7951442.497554587,0.026365900801628855,,-2.13593324,-0.747771
2.0,0.20953971,0.00062269,1.3e-07,7928008.563979973,0.02628813271881395,,-1.84358078,-0.75748844
3.0,0.20953314,0.00064623,2.52e-06,7899023.711873907,0.026191956477504833,,-1.53283706,-0.77114538
4.0,0.20954454,0.00062232,4.08e-06,7923679.656636134,0.026273766208789906,,-2.06652461,-0.74448808
5.0,0.20950316,0.0005998,5.09e-06,7936455.734904307,0.026315503250555178,,-0.1466266,-0.75223577
6.0,0.20951671,0.00057699,6.65e-06,7940491.0768034505,0.026328969459153022,,-0.77691593,-0.74041726
7.0,0.20952975,0.00056447,5.45e-06,7898438.990181756,0.026189693013171932,,-1.37597164,-0.72400267
8.0,0.20955316,0.00055573,1.53e-06,7913734.22012799,0.02624076677248901,,-2.46369006,-0.75473079
9.0,0.20952626,0.00055825,-2.5e-07,7911561.853566841,0.026233250957354917,,-1.21651128,-0.77114538
10.0,0.20953756,0.000568,-1.68e-06,7917575.487444102,0.026253393534097426,,-1.74116009,-0.7454073
11.0,0.20954854,0.00058475,-1.87e-06,7877628.979261002,0.02612113046555428,,-2.23927476,-0.77022616
12.0,0.20954967,0.00059106,6.6e-07,7876570.752965125,0.026117605863638392,,-2.29107662,-0.7564379
13.0,0.2095699,0.00062313,-2.3e-07,7885053.293149097,0.02614610227686225,,-3.22776759,-0.74278096
14.0,0.20953622,0.00061476,1.46e-06,7897483.187261702,0.026186822271330287,,-1.67500716,-0.78834787
15.0,0.20955306,0.0005898,3.62e-06,7902631.313709634,0.02620400399710926,,-2.45548601,-0.77180196
16.0,0.20953591,0.00057963,4.68e-06,7886902.53751462,0.026151577174266416,,-1.6585248,-0.74658915
17.0,0.20956713,0.0005887,2.25e-06,7876332.716308853,0.026117008313200473,,-3.09627776,-0.77167065
18.0,0.20954639,0.0005626,2e-07,7878958.2773292335,0.026125410323555982,,-2.14014125,-0.73490196
19.0,0.20956816,0.00055943,-1.22e-06,7812347.34650082,0.025904838948829337,,-3.11810891,-0.77784253
20.0,0.20955501,0.0005689,-2.14e-06,7858889.12159208,0.02605903780618051,,-2.53169939,-0.78808524
21.0,0.209543,0.0006009,-1.77e-06,7874878.531282145,0.026111980324565923,,-1.98276538,-0.76129662
22.0,0.2095812,0.00061891,1.5e-06,7860145.110708429,0.02606361231712541,,-3.73759909,-0.74002331
23.0,0.20957309,0.00062204,4.69e-06,7878427.154704865,0.026124076488063246,,-3.37193583,-0.73634644
24.0,0.20955522,0.00059833,5.93e-06,7894060.760650019,0.026175593307335123,,-2.55251775,-0.75788239
25.0,0.20957319,0.0005826,4.91e-06,7886554.1651760675,0.026150913772295545,,-3.38014307,-0.80226745
26.0,0.20955275,0.00057772,3.77e-06,7836441.6911016265,0.025984488814071716,,-2.42077802,-0.74488203
27.0,0.20959177,0.00056195,1.78e-06,7845703.573032825,0.026015702175418414,,-4.21677687,-0.77193328
28.0,0.20955563,0.00056764,6.5e-07,7922557.607271106,0.026270105822199928,,-2.58079215,-0.75039733
29.0,0.20957257,0.00055979,8.1e-07,7930859.089170144,0.026297830627019767,,-3.37051375,-0.75446815
30.0,0.20957175,0.00056841,4.5e-07,7883859.049052711,0.02614200353275225,,-3.31260933,-0.73871014
31.0,0.20955645,0.00057524,-5.4e-07,7907225.1856737,0.02621931984201093,,-2.61384531,-0.73700303
32.0,0.20959978,0.00059228,-9.2e-07,7916927.785945035,0.026252115684358566,,-4.62652944,-0.77692332
33.0,0.20956282,0.0006063,-1.8e-06,7905245.046138427,0.026212946816846903,,-2.90797086,-0.75197314
34.0,0.20954023,0.00063411,-9.2e-07,7983205.912785869,0.026471217860334063,,-1.88042396,-0.73411406
35.0,0.20954865,0.00062122,1.14e-06,7875930.508652048,0.02611554317196141,,-2.24353211,-0.75656922
36.0,0.2095584,0.00058744,1.01e-06,7863140.474309068,0.026073170361889095,,-2.68912296,-0.73069982
37.0,0.20954649,0.00059407,-1.7e-07,7922381.450213082,0.02626948996038234,,-2.15670821,-0.72912402
38.0,0.20955491,0.0006122,-5.7e-07,7920998.326384591,0.026265071962796524,,-2.54695255,-0.77482225
39.0,0.20954659,0.00062208,-5.5e-07,7930058.470258832,0.02629503169457591,,-2.16357404,-0.73582118
40.0,0.20953489,0.00062549,-5.6e-07,7913434.986566589,0.026239766322887364,,-1.61653138,-0.74488203
41.0,0.20954577,0.00061931,8.3e-07,7919244.149430649,0.026259128238513545,,-2.12252115,-0.79058026
42.0,0.20954136,0.00063041,1.58e-06,7968729.276691825,0.026423172278297057,,-1.9297229,-0.76142794
43.0,0.20954043,0.00062927,2.61e-06,7919161.981072769,0.02625877927530491,,-1.87485738,-0.75985214
44.0,0.20957596,0.00065041,-1.9e-07,7923524.05541027,0.026273821855172873,,-3.5246986,-0.76234716
45.0,0.20956631,0.00064745,-2.9e-06,7962995.386242244,0.02640462187416934,,-3.09206274,-0.76169057
46.0,0.2095354,0.00062683,-3.67e-06,7969679.416191762,0.02642633427455668,,-1.65198743,-0.75446815
47.0,0.20955399,0.00060179,-3.69e-06,7932391.398328956,0.02630286845037503,,-0.86335672,-0.75761976
48.0,0.20954936,0.0005928,-1.02e-06,7964194.206586319,0.026408185743413387,,-0.21789875,-0.76221584
49.0,0.20950593,0.00057914,-8e-08,7980065.167241894,0.026460180491495802,,1.88402129,-0.78335784
50.0,0.20957771,0.00057455,-1.28e-06,7941725.437554527,0.026334010477579748,,-1.93180657,-0.77403435
51.0,0.20956569,0.00059122,-2.35e-06,7924695.576765265,0.026277449293629067,,-0.98453632,-0.78138808
52.0,0.2095621,0.00058451,-2.32e-06,7943541.106420285,0.026339872632483552,,-0.65520547,-0.77101406
53.0,0.20954218,0.0005713,6e-08,7950920.783285409,0.02636399807414522,,0.36539776,-0.76444823
54.0,0.20952924,0.00058748,2.39e-06,7899072.990149486,0.026191909704357086,,0.91607552,-0.78256994
55.0,0.2095852,0.00059252,3.16e-06,7852788.847265741,0.02603916832732423,,-1.76407316,-0.73555854
56.0,0.20954351,0.00056471,1.62e-06,7918345.574502065,0.026255953555063195,,0.33234043,-0.75144787
57.0,0.20955286,0.00056496,3.31e-06,7837623.676461225,0.02598838337123408,,-0.12981859,-0.73674039
58.0,0.20953981,0.00058191,3.48e-06,7916630.109732268,0.02625022884423222,,0.48435569,-0.75341762
59.0,0.20959804,0.00059484,3.7e-06,7916536.579415092,0.026250715071908775,,-2.25225605,-0.74724573
60.0,0.20953355,0.00061102,4.33e-06,7872662.793440997,0.026104422454710955,,0.89332728,-0.76825641
61.0,0.20956713,0.00058931,4.61e-06,7907867.488857165,0.026221530948824456,,-0.71741549,-0.74842758
62.0,0.20953889,0.00058858,4.42e-06,7855758.432611326,0.026048377034858086,,0.63090118,-0.78900446
63.0,0.20957083,0.00060809,3.27e-06,7907330.5403907,0.026219876087399015,,-0.8810787,-0.79281264
64.0,0.20951815,0.00061553,1.03e-06,7903495.480223817,0.026206531292676086,,1.60622092,-0.74790232
65.0,0.20953427,0.00061171,1.02e-06,7992028.173816551,0.026500292772430312,,0.78431615,-0.79504503
66.0,0.20952657,0.00060691,2.99e-06,7956912.007740456,0.026383700616215488,,1.10063652,-0.7461952
67.0,0.20955162,0.00063549,3.35e-06,7910230.486766275,0.026229313750724903,,-0.11846115,-0.77639805
68.0,0.20954331,0.00065712,9.5e-07,7941445.238165728,0.026332813787998413,,0.27327511,-0.78808524
69.0,0.20952749,0.00064562,-5.6e-07,7938960.267468159,0.02632436243912077,,0.99643385,-0.74278096
70.0,0.20948816,0.00063041,3.1e-07,7958463.872124463,0.026388455005438946,,2.78976674,-0.76011477
71.0,0.209566,0.00060992,2.12e-06,7953989.054015451,0.02637455403710902,,-0.94838021,-0.78821656
72.0,0.20954587,0.00061309,3.05e-06,7944563.906500047,0.02634302695722822,,0.02553932,-0.77561015
73.0,0.20954978,0.00057679,4.59e-06,7862124.371911835,0.026069592068243896,,-0.15530994,-0.76024609
74.0,0.20951517,0.00056284,5.5e-06,7952156.509894481,0.026367611955482748,,1.45983803,-0.71586103
75.0,0.20951702,0.0005774,6.58e-06,7982565.897027954,0.026468487146730543,,1.32850279,-0.739892
76.0,0.20964702,0.00060407,7.44e-06,7913148.9650190715,0.026240079299829012,,-4.7519235,-0.76379164
77.0,0.20959301,0.00060976,7.89e-06,7945552.417001904,0.02634682489274886,,-2.10350955,-0.72925534
78.0,0.20956775,0.00058833,8.52e-06,7948877.142819749,0.026357445018883322,,-0.86263129,-0.73897278
79.0,0.20956939,0.00054995,6.85e-06,7959220.474611748,0.026391689375446854,,-0.91415907,-0.74895285
80.0,0.20958767,0.00054544,4.49e-06,7977679.551954765,0.02645317170641511,,-1.74332322,-0.72794217
81.0,0.20961539,0.00054882,3.16e-06,7937540.6295813145,0.026320474749556084,,-2.97399978,-0.76339769
82.0,0.20964096,0.00058073,3.99e-06,7879038.817556389,0.026126891672561568,,-4.05022225,-0.76549876
83.0,0.20956764,0.00058882,4.01e-06,7882170.462505489,0.026136339375731617,,-0.55738076,-0.74711442
84.0,0.20961642,0.00059573,1.73e-06,7909476.594352879,0.026227585523821078,,-2.80415576,-0.78926709
85.0,0.20957329,0.00061021,2.2e-06,7954616.424016954,0.026376729824654718,,-0.73849816,-0.76169057
86.0,0.20952626,0.00061618,3.74e-06,7922194.873836271,0.02626859204077678,,1.46464491,-0.77587278
87.0,0.20958233,0.00059419,4.29e-06,7961235.965584555,0.02639871475912844,,-1.1778578,-0.77390303
88.0,0.20956518,0.00057906,4.72e-06,7935806.336410853,0.026314116711906275,,-0.34915628,-0.77272118
89.0,0.20957278,0.00056853,2.99e-06,7985065.543596972,0.026477558461935485,,-0.69849104,-0.73463933
90.0,0.20957976,0.00057414,5.1e-07,7965206.089663194,0.026411861905751566,,-1.00664653,-0.69498167
91.0,0.20956508,0.00058541,-2e-08,7917465.758753286,0.02625340777764875,,-0.29751317,-0.72137634
92.0,0.20956785,0.00056662,1.97e-06,7916125.345280881,0.026248910019136314,,-0.41952435,-0.75591264
93.0,0.20956035,0.00055451,3.78e-06,7924741.8518314455,0.026277314929219316,,-0.06316624,-0.75683185
94.0,0.20956579,0.00055182,3.78e-06,7953287.733702122,0.026372033361210044,,-0.3155504,-0.68040551
95.0,0.20956076,0.00054316,4.53e-06,7914783.014839539,0.026244252753642255,,-0.07440137,-0.71743683
96.0,0.20949761,0.00054125,2.27e-06,7931631.760915459,0.026299326897153964,,2.85973846,-0.70942651
97.0,0.20955614,0.00052902,1.17e-06,7915497.250294829,0.026246585123883486,,0.085302,-0.69944644
98.0,0.20952472,0.00053284,6.2e-07,7902018.836570126,0.026201501559269865,,1.53740456,-0.6786984
99.0,0.2095356,0.00055605,1.66e-06,7893925.166262629,0.02617485124379413,,1.00376,-0.71139626
100.0,0.2095315,0.00056113,-1.9e-07,7834169.789449966,0.025976708299556436,,1.16612963,-0.7438315
101.0,0.2095355,0.00056756,-4e-07,7954323.575817715,0.026375191416532634,,0.97596721,-0.77744858
102.0,0.20955583,0.00058114,-5.4e-07,7882743.088620887,0.026138148497282517,,0.01142696,-0.76536744
103.0,0.20952174,0.00060655,-1.81e-06,7900655.967173701,0.026197192139544155,,1.58840777,-0.77705463
104.0,0.20952801,0.00060504,-6e-08,7923693.031939313,0.02627362409899086,,1.2749667,-0.74960943
105.0,0.20954916,0.00059618,7.6e-07,7887915.715929135,0.02615522965996583,,0.27067879,-0.73188167
106.0,0.20953448,0.00059862,-8e-08,7982638.606868093,0.026469145918189083,,0.95574057,-0.72859876
107.0,0.20952914,0.00059065,-1.77e-06,7929230.109468541,0.02629199175733959,,1.19725624,-0.73293221
108.0,0.20955707,0.00062033,-2e-06,7915543.319741849,0.02624706169945905,,-0.09940119,-0.74527598
109.0,0.20953437,0.00062049,-0.0,7826396.437347788,0.025951128645299165,,0.94174194,-0.75197314
110.0,0.20949135,0.00060394,1.44e-06,7889097.960234779,0.026158401170674837,,2.93657197,-0.72964929
111.0,0.20955994,0.00062492,7.9e-07,7895045.662182317,0.02617909119201331,,-0.23207525,-0.77390303
112.0,0.20950665,0.00062687,-4.5e-07,7878856.632092714,0.026124742035428104,,2.22703593,-0.80134823
113.0,0.20955347,0.00062411,5.5e-07,7846187.927313589,0.026017002449002524,,0.06660359,-0.75998346
114.0,0.20951363,0.0006213,2.57e-06,7937782.202374525,0.026320146822072343,,1.91917994,-0.73555854
115.0,0.20954094,0.00060866,2.9e-06,7924048.31600885,0.02627492601626067,,0.6485607,-0.747771
116.0,0.20954166,0.00059894,2.37e-06,7866591.848674429,0.026084401983676328,,0.61074734,-0.73897278
117.0,0.20954115,0.00061748,3.49e-06,7906631.298541971,0.02621718971221514,,0.63762725,-0.76260979
118.0,0.20953365,0.00062383,4.17e-06,7980563.186993955,0.026462241926974425,,0.99387894,-0.75236709
119.0,0.20955245,0.00060756,3.64e-06,7873585.54651718,0.026107732664788583,,0.11418097,-0.7775799
120.0,0.20952872,0.00059577,4.88e-06,7869147.8449632535,0.026092652258143948,,1.20710434,-0.77101406
121.0,0.20955316,0.00059394,4.52e-06,7896879.303764413,0.026184926810593725,,0.08127903,-0.76129662
122.0,0.20956354,0.00060651,5.28e-06,7797942.78031033,0.02585702162715818,,-0.39334227,-0.74803363
123.0,0.209543,0.00063257,4.13e-06,7876575.079706529,0.026117581320270658,,0.54995485,-0.72597242
124.0,0.20957134,0.00062728,1.9e-06,7884860.915768078,0.026145454368445713,,-0.7580926,-0.75985214
125.0,0.20954587,0.00060118,1.63e-06,7842065.9837973965,0.026003152817579398,,0.41551429,-0.76694324
126.0,0.20956282,0.0005876,2.91e-06,7887272.991544375,0.02615321310387866,,-0.36464737,-0.71861868
127.0,0.20955091,0.00059931,4.15e-06,7900381.222835767,0.02619653093935033,,0.18582821,-0.76392296
128.0,0.20955347,0.0005961,3.98e-06,7894214.551279392,0.02617611107678227,,0.0670109,-0.7485589
129.0,0.20953951,0.00059931,4.02e-06,7905596.285069976,0.026213676222038296,,0.71359776,-0.77469093
130.0,0.20956015,0.00062687,3.85e-06,7854589.381532089,0.026044893170729173,,-0.24033211,-0.80449983
131.0,0.2095545,0.00063179,4.05e-06,7872762.87963085,0.026105090242025078,,0.01948856,-0.7501347
132.0,0.20956723,0.00064484,4.97e-06,7853933.860500651,0.026042839846699282,,-0.56619577,-0.76064004
133.0,0.20952226,0.00062143,3.72e-06,7828493.808584131,0.025957858637502475,,1.49739957,-0.7815194
134.0,0.20955265,0.00058963,2.28e-06,7895703.610652526,0.026181052221097966,,0.10500602,-0.75617527
135.0,0.20954628,0.00058065,3.07e-06,7952082.870473249,0.026367874020143806,,0.40221606,-0.76602403
136.0,0.20954361,0.00059744,4.79e-06,7938738.007707444,0.026323603017642465,,0.5256521,-0.76444823
137.0,0.20955429,0.00059561,5.97e-06,7943598.552889976,0.02633983310768504,,0.02921707,-0.74658915
138.0,0.20957545,0.00057109,5.51e-06,7953395.206196732,0.02637253758234298,,-0.95599307,-0.79727741
139.0,0.20957914,0.00059764,2.9e-06,7957576.664623826,0.026386574786609017,,-1.12878068,-0.76287242
140.0,0.20952328,0.00061427,1.58e-06,7967171.230630304,0.02641772217692529,,1.47602538,-0.7752162
141.0,0.20954649,0.00062443,1.5e-06,7912672.626840343,0.02623734882328354,,0.3907092,-0.73109377
142.0,0.20951805,0.00063387,1.88e-06,7958079.985566701,0.02638755669889075,,1.71835818,-0.79570161
143.0,0.20955655,0.00064025,1.41e-06,7925976.020408896,0.026281638732715235,,-0.07570155,-0.79346922
144.0,0.20957873,0.00064989,1.33e-06,7890995.932307367,0.026165967103827372,,-1.10036124,-0.77652937
145.0,0.20957986,0.00065228,3.63e-06,7876513.649942035,0.026117922837161366,,-1.150446,-0.76274111
146.0,0.20954916,0.00065619,4.38e-06,7911001.991919623,0.026231877131182302,,0.26694747,-0.77482225
147.0,0.20955368,0.0006468,3.69e-06,7914258.856588525,0.026242723066660603,,0.05766341,-0.79950979
148.0,0.20954341,0.00063976,3.46e-06,7912843.806980206,0.02623788104522806,,0.53345623,-0.73647776
149.0,0.20952246,0.00061472,4.89e-06,7860004.052491485,0.026062303086812608,,1.4939731,-0.77337776
150.0,0.20956333,0.00061964,5.39e-06,7956118.075664891,0.026381542981168623,,-0.39175269,-0.72334609
151.0,0.20957884,0.00061273,3.87e-06,7858887.992568517,0.026059351534714618,,-1.10060391,-0.75368025
152.0,0.20952451,0.00060118,2.91e-06,7914022.07445673,0.02624144392225305,,1.40907744,-0.78966104
153.0,0.2095238,0.00060683,3.66e-06,7897568.108754728,0.02618687762418186,,1.43938583,-0.74356886
154.0,0.20954495,0.00060012,5.79e-06,7885410.649154806,0.026146783910209758,,0.46048253,-0.77744858
155.0,0.20950326,0.00058195,5.73e-06,7884479.420242814,0.026143101710014046,,2.38502309,-0.71441655
156.0,0.20953499,0.00056975,5.97e-06,7907393.24181481,0.02621945703571323,,0.92295266,-0.71179021
157.0,0.20952688,0.0005765,5.98e-06,7892527.250732486,0.02617007624998716,,1.29610271,-0.72846744
158.0,0.20954988,0.00060976,4.72e-06,7876657.234068702,0.02611787001831853,,0.23263326,-0.72387135
159.0,0.20954721,0.0006037,4.78e-06,7913808.233409572,0.026241004531059126,,0.35745365,-0.71612367
160.0,0.20951712,0.0005876,6.59e-06,7868709.020968288,0.026090991063347915,,1.74162339,-0.76996353
161.0,0.20954341,0.00060496,7.04e-06,7861013.694266898,0.02606585704618805,,0.52995871,-0.73004324
162.0,0.20953437,0.00060968,5.39e-06,7875766.799934145,0.02611470186488365,,0.94767788,-0.78046887
163.0,0.2094361,0.00059329,3.23e-06,7918220.486509951,0.026254174679324827,,5.50791167,-0.73844751
164.0,0.20952308,0.00058,2.67e-06,7894339.296405947,0.0261761070547136,,1.47201849,-0.76654929
165.0,0.20953971,0.00057821,3.5e-06,7891548.227175352,0.026167049644249832,,0.70283842,-0.75801371
166.0,0.20955049,0.00059423,1.98e-06,7936983.514547948,0.02631792058287006,,0.20577965,-0.7823073
167.0,0.20957606,0.00057353,8.5e-07,7941171.770263881,0.026332109497664482,,-0.98318127,-0.83549058
168.0,0.2095394,0.00056483,3.01e-06,7836922.177712355,0.025985887508134426,,0.71210898,-0.78729734
169.0,0.209547,0.0005861,4.62e-06,7937283.41581018,0.02631879638989182,,0.3680587,-0.75919556
170.0,0.20955224,0.0005902,6.22e-06,7935630.9997969195,0.026313367155521097,,0.12462387,-0.79819663
171.0,0.20960933,0.00060159,7.87e-06,7934356.353178061,0.026309892256227093,,-2.52844495,-0.74790232
172.0,0.2094742,0.00060098,7.4e-06,7930935.72856326,0.026296778101694566,,3.74828306,-0.79018631
173.0,0.20943158,0.00058606,6.38e-06,7912214.477676926,0.02623412169116427,,5.71293715,-0.7799436
174.0,0.20958633,0.00057756,4.22e-06,7980559.537562395,0.02646279804466301,,-1.4680025,-0.75945819
175.0,0.20959095,0.00057292,5.24e-06,7860835.983264612,0.026065834159387066,,-1.6587212,-0.710871
176.0,0.20957637,0.00059455,5.73e-06,7911248.669366529,0.026232857028640134,,-0.99374827,-0.75039733
177.0,0.20957966,0.00061033,5.85e-06,7883902.780966863,0.0261422650327548,,-1.1420357,-0.72728559
178.0,0.20954741,0.00061232,5.44e-06,7800448.829886659,0.025865135357329132,,0.34295275,-0.80830802
179.0,0.20958305,0.00060842,5.39e-06,7890585.2107032975,0.026164471158057326,,-1.29960112,-0.78637812
180.0,0.20955573,0.00062639,6.25e-06,7883139.643232697,0.026139458019292426,,-0.03736943,-0.74790232
181.0,0.20957606,0.00061252,7.1e-06,7892320.60396716,0.026170112969776636,,-0.97713268,-0.79399449
182.0,0.20957001,0.00060903,7.68e-06,7969391.115087492,0.026425570007164556,,-0.70391245,-0.76037741
183.0,0.20957052,0.00063,8.01e-06,7953175.481917714,0.02637185933372816,,-0.72639536,-0.76602403
184.0,0.20954926,0.00062887,7.66e-06,7942001.213867062,0.026334530027869844,,0.26321656,-0.79688346
185.0,0.20953098,0.00060216,4.91e-06,7937259.756921638,0.02631854573337361,,1.11256355,-0.74238701
186.0,0.20957185,0.00057085,3.25e-06,7985379.216776212,0.026478587716471904,,-0.7917624,-0.75144787
187.0,0.20954526,0.00058008,1.93e-06,7969182.855038426,0.026424581608783203,,0.4509995,-0.79071157
188.0,0.20955173,0.00059528,1.05e-06,7965890.292657548,0.02641380844096828,,0.14904959,-0.71257811
189.0,0.20957175,0.0005739,3.14e-06,7877599.876364545,0.026121213100887754,,-0.77633886,-0.76956958
190.0,0.20959814,0.00055959,4.42e-06,7821607.562335281,0.02593582858266287,,-1.97973386,-0.75788239
191.0,0.20959198,0.00057085,5.16e-06,7814107.184025421,0.02591089483252821,,-1.69585654,-0.73358879
192.0,0.20960204,0.0005602,5.85e-06,7934446.374712728,0.026310018953843113,,-2.18963439,-0.77902438
193.0,0.20961806,0.00055276,3.6e-06,7942107.120877488,0.026335654687319056,,-2.93696117,-0.77889307
194.0,0.20954485,0.00055195,4.03e-06,7964986.059336093,0.026410542227111956,,0.46991699,-0.77810517
195.0,0.20951979,0.00054934,4.83e-06,7936585.031374289,0.02631601666367814,,1.63258116,-0.77258986
196.0,0.20953673,0.00055463,5.39e-06,7937645.212175341,0.026319759177090854,,0.84534831,-0.76589271
197.0,0.20955625,0.00057451,6.33e-06,7945446.733603408,0.02634592206755068,,-0.06155342,-0.76956958
198.0,0.20954331,0.00059577,6.08e-06,7960728.924910694,0.02639648824043432,,0.54146765,-0.74488203
199.0,0.20957093,0.00060309,4.07e-06,7841677.546956408,0.02600215030221466,,-0.7350747,-0.7524984
200.0,0.20953324,0.00059248,1.73e-06,7899326.838324126,0.026192830102599665,,1.00275866,-0.78440837
201.0,0.20958489,0.0006061,9e-08,7892975.316506174,0.026172514450035204,,-1.38544339,-0.74606388
202.0,0.20956754,0.00062537,-7.7e-07,7878322.968466644,0.026123770627726774,,-0.58216837,-0.77849912
203.0,0.20954105,0.00063586,-1.26e-06,7952505.012810194,0.02636944002188457,,0.64611189,-0.73831619
204.0,0.20958099,0.0006383,-2e-06,7945329.13627923,0.026346193167858262,,-1.2130617,-0.76195321
205.0,0.2095929,0.00063606,-2.06e-06,7968499.641826177,0.02642317742526134,,-1.77251711,-0.75000338
206.0,0.20955686,0.00064314,-1.01e-06,7955209.113722295,0.026378630565743275,,-0.09033201,-0.72150765
207.0,0.2095775,0.00063789,1.7e-07,7951368.121544807,0.02636612954942161,,-1.05139675,-0.74724573
208.0,0.20959701,0.00063314,1.12e-06,7956350.291461623,0.02638287630458469,,-1.96122045,-0.74803363
209.0,0.20957791,0.00063736,4.58e-06,7909459.304858348,0.026227083490644686,,-1.06487845,-0.73949805
210.0,0.20961098,0.00063,5.11e-06,7944063.220190494,0.02634223245601615,,-2.6080021,-0.75919556
211.0,0.2095545,0.00062781,3.36e-06,7905137.255884023,0.02621244171447874,,0.01956873,-0.80384325
212.0,0.2096079,0.00060907,1.93e-06,7958665.9228480775,0.02639061650674449,,-2.46918723,-0.75039733
213.0,0.2095659,0.00058459,9.2e-07,7925563.300530499,0.026280248974839368,,-0.50939869,-0.73949805
214.0,0.20960759,0.00056735,3.7e-07,7877189.00605837,0.026120353377908113,,-2.42968721,-0.70811334
215.0,0.20958644,0.00056227,2.9e-06,7862008.832246887,0.02606967932748743,,-1.45092275,-0.75578132
216.0,0.2095737,0.00058597,5.24e-06,7851029.978695802,0.02603312926699282,,-0.86342636,-0.74094253
217.0,0.20956805,0.00061464,5.28e-06,7922976.888562622,0.026271701096664688,,-0.60928754,-0.73752829
218.0,0.20959434,0.00061813,5.86e-06,7887991.959225993,0.026156037678698323,,-1.82101291,-0.77101406
219.0,0.20954947,0.0006109,4.1e-06,7881764.791547321,0.02613481541838716,,0.25174167,-0.73621513
220.0,0.20962309,0.00062281,2.98e-06,7928545.8277851185,0.02629095718371587,,-3.16565565,-0.79241869
221.0,0.20961734,0.00061683,2.96e-06,7926423.780404034,0.02628382880621508,,-2.8978082,-0.7830952
222.0,0.2095966,0.00058162,3.66e-06,7939164.775792154,0.02632569396665754,,-1.93787036,-0.75368025
223.0,0.20955512,0.0005887,4.44e-06,7910692.734659643,0.026230743003227308,,-0.00895874,-0.77574147
224.0,0.20959219,0.00058024,3.52e-06,7869949.3293957915,0.02609612185668622,,-1.71744577,-0.77889307
225.0,0.20955532,0.00055882,2.76e-06,7903695.311017154,0.026207492785660428,,-0.01845611,-0.77075143
226.0,0.20959609,0.00059472,4.42e-06,7887735.10257036,0.026155171821657785,,-1.90159853,-0.77193328
227.0,0.20957647,0.00061057,5.43e-06,7855213.604861172,0.026047101460389896,,-0.99143545,-0.83273293
228.0,0.2095546,0.00062911,5.26e-06,7956000.813080953,0.026381067588021955,,0.01491049,-0.76668061
229.0,0.20955645,0.00061724,6.59e-06,7925123.068185177,0.02627864733742147,,-0.07092736,-0.78847919
230.0,0.20955234,0.00062086,6.86e-06,7905943.886864512,0.02621500266059521,,0.11940407,-0.79675214
231.0,0.20958017,0.00059037,5.28e-06,7942815.703772709,0.02633757703696352,,-1.17445139,-0.77153933
232.0,0.20964528,0.00055719,5.55e-06,7893464.231971566,0.026174688775764916,,-4.17724938,-0.77219591
233.0,0.20954865,0.00056386,5.98e-06,7886581.452652162,0.02615061144263395,,0.28983156,-0.8010856
234.0,0.20956169,0.0005426,5.89e-06,7930654.1961292485,0.026296864109149456,,-0.31419149,-0.78033755
235.0,0.20953715,0.00054703,3.24e-06,7962285.839717135,0.026401488429059088,,0.82882336,-0.78296389
236.0,0.20951907,0.00054951,1.69e-06,7934109.3419694435,0.026307858477804653,,1.66546641,-0.78322652
237.0,0.20960235,0.00055552,2.15e-06,7909341.499200775,0.026226834376592532,,-2.19698241,-0.78493364
238.0,0.20954957,0.00054674,3.19e-06,7933947.032128622,0.026307685814481792,,0.2486361,-0.78874182
239.0,0.20950398,0.00053528,1.75e-06,7929415.516416054,0.026292055653366914,,2.36524276,-0.77731727
240.0,0.20952749,0.00053511,1.7e-07,7859900.744602805,0.02606189728197248,,1.26239061,-0.81658097
241.0,0.20956415,0.00053398,-7.9e-07,7910049.243630332,0.02622867629670634,,-0.4275358,-0.78322652
242.0,0.20959301,0.00054174,-2.03e-06,7886566.90278458,0.026151234323614988,,-1.75901776,-0.75433684
243.0,0.20955337,0.00052702,-1.74e-06,7914711.478662928,0.02624399290110275,,0.07194392,-0.80134823
244.0,0.20960697,0.00052316,5e-08,7928773.236815206,0.0262912800687149,,-2.41697395,-0.78191335
245.0,0.20955933,0.00054723,1.77e-06,7929014.771519617,0.026291487990202745,,-0.2044639,-0.7799436
246.0,0.20951486,0.00057016,1.11e-06,7956979.895788506,0.026383705110766986,,1.86640813,-0.77876175
247.0,0.20946187,0.0005689,-7e-08,7931962.274870645,0.026300072803967223,,4.32089536,-0.76077136
248.0,0.20959681,0.00055158,-7.7e-07,7968928.248595848,0.026424391523708686,,-1.9547211,-0.77350908
249.0,0.20954146,0.00054812,-1.46e-06,7864217.867559045,0.026076460695376693,,0.6200187,-0.80515641
250.0,0.20961437,0.00055756,-5.3e-07,7846687.696261792,0.02601929103489253,,-2.73177433,-0.77298381
251.0,0.20953273,0.00056227,1.52e-06,7848479.034518126,0.02602414218837119,,1.01989564,-0.80633827
252.0,0.20962412,0.00057699,2.05e-06,7920617.0792332785,0.026264570482265832,,-3.21012079,-0.76589271
253.0,0.20959095,0.00059484,1.08e-06,7884285.07395437,0.026143727940164927,,-1.66367801,-0.77823648
254.0,0.2096768,0.0005913,2.08e-06,7885426.612562825,0.026148607189404458,,-5.62945507,-0.78782261
255.0,0.20953971,0.00058451,2.85e-06,7978376.023939005,0.026454985961995293,,0.71057229,-0.78020623
256.0,0.20957247,0.00061252,3.39e-06,7966201.341794398,0.026415117136930802,,-0.8186081,-0.79228737
257.0,0.20949895,0.0006176,4.26e-06,7927172.3614341505,0.026284731133727868,,2.59810213,-0.77101406
258.0,0.20954382,0.00062675,2.09e-06,7854492.710344935,0.026044392549414846,,0.51063087,-0.76090267
259.0,0.20956692,0.00060061,6e-08,7865395.997949386,0.02608081453213793,,-0.55283173,-0.7775799
260.0,0.20962854,0.00055796,9.4e-07,7978577.34092127,0.0264567921559982,,-3.43997798,-0.80292403
261.0,0.20959824,0.00054723,2.53e-06,7901476.495531465,0.02620067071294642,,-2.00470192,-0.75302367
262.0,0.20958048,0.00054085,3.66e-06,7942218.552276418,0.0263354950077442,,-1.18868749,-0.74212438
263.0,0.20961375,0.00055609,4.31e-06,7936216.929137739,0.02631606205354257,,-2.73429203,-0.76444823
264.0,0.20949011,0.00055573,3.6e-06,7915713.34129669,0.026246461444649073,,3.00356027,-0.77101406
265.0,0.2095238,0.00053796,3.28e-06,7954165.978758479,0.02637436230784685,,1.44969112,-0.76930694
266.0,0.20955707,0.00054166,4.22e-06,7878243.552968289,0.026123046782136422,,-0.09893152,-0.77429698
267.0,0.20959095,0.00055918,4.46e-06,7893774.024552655,0.02617503079245129,,-1.66567,-0.78256994
268.0,0.20950973,0.00056122,3.46e-06,7881470.941468727,0.02613319695981959,,2.08560691,-0.81750019
269.0,0.20957411,0.00054215,5e-07,7870901.362805048,0.026098995245002414,,-0.88454414,-0.74724573
270.0,0.20964014,0.0005328,1.01e-06,7912500.790170056,0.026237765361863778,,-3.94933016,-0.78138808
271.0,0.20954936,0.0005258,2.08e-06,7942070.702240577,0.026334583070160258,,0.25844151,-0.75525605
272.0,0.20960851,0.00056361,1.28e-06,7893800.914637586,0.026175422184844522,,-2.47753967,-0.7697009
273.0,0.20967495,0.00057943,1.7e-07,7830541.570976445,0.025966584156023275,,-5.50546785,-0.78204467
274.0,0.2096079,0.00058008,-1.06e-06,7878248.845825797,0.026123933671276765,,-2.44423553,-0.76011477
275.0,0.2096807,0.00057219,-4.6e-07,7929668.073704139,0.026295361646804852,,-5.84234035,-0.76484218
276.0,0.20957699,0.0005626,2.8e-07,7913835.957145131,0.02624145967129792,,-1.02262931,-0.78769129
277.0,0.2095736,0.00056805,-2.4e-07,7925179.492718007,0.026279053980555012,,-0.86681687,-0.77482225
278.0,0.2095699,0.00056882,-6.1e-07,7910760.4042470325,0.026231202377203437,,-0.69397776,-0.79465108
279.0,0.20953252,0.00056662,-2e-08,7883536.551077333,0.026140424866035402,,1.03393295,-0.76195321
280.0,0.209585,0.00057996,4e-07,7904073.1865164805,0.026209237845852506,,-1.39214081,-0.79465108
281.0,0.20949607,0.00060333,2.8e-07,7902566.393494346,0.026203141563013017,,2.72306025,-0.76759983
282.0,0.20959136,0.00061395,1.6e-07,7918101.021165905,0.026255934688461914,,-1.6898667,-0.77035748
283.0,0.20964209,0.00061289,-6e-08,7895379.817972917,0.026181258104023268,,-4.03106389,-0.76352901
284.0,0.20956487,0.00060996,1.92e-06,7907228.757273783,0.026219491100927993,,-0.46067097,-0.75223577
285.0,0.20958438,0.00060081,3.79e-06,7887699.708563726,0.026154929839957826,,-1.36079433,-0.76996353
286.0,0.20960348,0.00059382,4.78e-06,7954076.464993717,0.026375243247118468,,-2.26203764,-0.81277279
287.0,0.20959373,0.0005665,6.22e-06,7921909.62401302,0.02626834917855576,,-1.80024589,-0.79412581
288.0,0.20952369,0.00054743,6.72e-06,7933324.5083252555,0.026305215638786118,,1.4506602,-0.7760041
289.0,0.20951917,0.00054979,7.67e-06,7875010.009776062,0.0261117866233533,,1.64831909,-0.78007492
290.0,0.20957956,0.00057833,6.91e-06,7925976.580932963,0.026281668034849447,,-1.14335905,-0.74974075
291.0,0.20954711,0.00059756,3.07e-06,7893451.9593647495,0.02617352032898527,,0.36128074,-0.81237884
292.0,0.20952965,0.00060207,1.37e-06,7931728.462524926,0.02630025444772907,,1.17378753,-0.79451976
293.0,0.20956456,0.00061695,-1.12e-06,7890634.291363344,0.026164538286792695,,-0.4454704,-0.76405428
294.0,0.20960687,0.00061582,-2.89e-06,7898650.988444489,0.026191705623803258,,-2.40306928,-0.79754004
295.0,0.20961467,0.000622,-2.44e-06,7848169.266004537,0.02602441958818019,,-2.74647431,-0.77981228
296.0,0.2095545,0.00062139,7.9e-07,7972439.689744342,0.026435639396862002,,0.01973534,-0.79189342
297.0,0.20963408,0.00058475,2.34e-06,7933472.620542652,0.026307346083697548,,-3.67824165,-0.72282082
298.0,0.20956128,0.00055829,1.09e-06,8010461.983379764,0.02656162518555788,,-0.29808693,-0.71572972
299.0,0.20960944,0.00054402,-1e-08,7918094.786416333,0.026255962081573107,,-2.52802452,-0.69931512
300.0,0.2095279,0.00054898,-6.2e-07,7847145.245665004,0.026019660605653926,,1.24147237,-0.78506495
301.0,0.20956271,0.00057296,-1.05e-06,7851176.875437334,0.026033555930926735,,-0.3582578,-0.7501347
302.0,0.20954125,0.00058622,-7.3e-07,7898826.288168721,0.026191304718892267,,0.63224827,-0.78716602
303.0,0.20955337,0.00057723,2.18e-06,7896447.55253542,0.02618349628411782,,0.07177806,-0.79491371
304.0,0.20955008,0.00055089,2.53e-06,7832380.891831573,0.025970939234679958,,0.22190524,-0.77981228
305.0,0.20955121,0.00054081,2.17e-06,7845469.1096734805,0.02601433166079533,,0.17038313,-0.77731727
306.0,0.20962977,0.000543,3.66e-06,7911304.983352127,0.026233641895658757,,-3.46806807,-0.79596424
307.0,0.20953088,0.00056687,3.7e-06,7952493.124446922,0.02636898094538912,,1.11947709,-0.79675214
308.0,0.20954361,0.00058154,2.76e-06,7932027.503554221,0.026301346729120566,,0.52520767,-0.7870347
309.0,0.20964065,0.00055776,2.03e-06,7891792.619014411,0.0261691532070434,,-3.96273873,-0.77232723
310.0,0.20952277,0.00054264,4.9e-07,7969255.480477622,0.026424448580292827,,1.50035823,-0.79228737
311.0,0.20957422,0.00053605,1.73e-06,7892479.990175743,0.026170508906570834,,-0.89171414,-0.78020623
312.0,0.20962618,0.00055902,2.61e-06,7857778.549747203,0.02605616666244624,,-3.27917826,-0.73240694
313.0,0.20952698,0.00059594,-9e-08,7912658.207005165,0.026236996470098698,,1.29465954,-0.78952972
314.0,0.20952883,0.00060492,-1.02e-06,7970209.416552838,0.026427893397764118,,1.21782121,-0.78834787
315.0,0.20962094,0.00061155,-1.9e-06,7918269.774467131,0.026256915208266743,,-3.0615376,-0.8002977
316.0,0.20956364,0.00058008,-1.55e-06,7841710.176215604,0.02600220641790028,,-0.4002664,-0.784671
317.0,0.20952328,0.00056569,9.9e-07,7925193.078905297,0.02627840730853562,,1.46824151,-0.74488203
318.0,0.20959701,0.0005989,1.74e-06,7892639.809853203,0.026171509665380295,,-1.94550812,-0.76497349
319.0,0.20959393,0.00058122,1.05e-06,7940478.167308262,0.02633006243662457,,-1.81402641,-0.73424538
320.0,0.20962114,0.00058658,-2.4e-07,7919547.597372409,0.026261054814960456,,-3.07154738,-0.79307527
321.0,0.20956313,0.00060012,-2.7e-07,7883990.934589607,0.026142428665856938,,-0.37871997,-0.80712617
322.0,0.20955203,0.00060976,3.2e-06,7904313.050747507,0.026209629738168823,,0.13363853,-0.79018631
323.0,0.20953725,0.00061061,4.84e-06,7942303.637068025,0.02633537769051561,,0.82197242,-0.79924716
324.0,0.20960554,0.00061508,6.42e-06,7930358.173818899,0.02629664941121032,,-2.35069123,-0.81434859
325.0,0.20957411,0.00062305,5.11e-06,7923077.703623076,0.02627214146534529,,-0.89041239,-0.78493364
326.0,0.20954279,0.00059703,5.64e-06,7949201.155177714,0.026358269025593378,,0.5645825,-0.78401442
327.0,0.20954741,0.00060874,5.31e-06,7888315.430444325,0.02615648064707096,,0.34681578,-0.75656922
328.0,0.20958038,0.00062179,2.22e-06,7979648.866075303,0.026459860587884926,,-1.18950203,-0.77849912
329.0,0.20956076,0.0006176,1.13e-06,7924889.269183939,0.026278033409893913,,-0.27107663,-0.79675214
330.0,0.20955265,0.00060496,1.82e-06,7856390.048533708,0.026050744496243217,,0.1044834,-0.78519627
331.0,0.20957185,0.00057849,1.84e-06,7941220.028905309,0.026332208919796964,,-0.78738538,-0.7548621
332.0,0.20956364,0.00057825,4.3e-07,7978677.107660777,0.026456330043122183,,-0.40725698,-0.80935855
333.0,0.20954331,0.0005726,8e-07,7887727.9396583615,0.02615446496060946,,0.53650305,-0.74580125
334.0,0.20954659,0.00056882,-0.0,7831913.201341058,0.025969439411718538,,0.38201036,-0.72689164
335.0,0.20958089,0.00058711,-3.4e-07,7949442.497181748,0.026359658299688362,,-1.20890094,-0.74173043
336.0,0.20957031,0.0006089,-3.1e-07,7921013.106202776,0.02626530935568624,,-0.71393369,-0.72676032
337.0,0.20957072,0.00062801,-1.63e-06,7871652.789364167,0.02610171792591179,,-0.72842196,-0.74238701
338.0,0.20959896,0.00063488,-2.54e-06,7791566.009512164,0.025836557737692337,,-2.00964546,-0.7783678
339.0,0.20957565,0.00062391,-1.78e-06,7910977.508438711,0.02623217154896021,,-0.96041985,-0.76838773
340.0,0.20958561,0.00063358,2.9e-07,7924405.128402827,0.026276814781840484,,-1.42432481,-0.77876175
341.0,0.20960605,0.00061618,3.49e-06,7870295.146376045,0.026097548474757707,,-2.35656143,-0.75985214
342.0,0.20960112,0.00060724,4.64e-06,7886541.828833969,0.02615131101029159,,-2.13373643,-0.7823073
343.0,0.2096387,0.0006196,2.97e-06,7793164.796220555,0.025842228619929523,,-3.82416302,-1.91688392
344.0,0.20960564,0.00059939,1.47e-06,7886016.7102649575,0.02614966720640059,,-2.34229536,-90.47560102
345.0,0.20958418,0.00059016,-3.9e-07,7911708.736315891,0.02623458896585782,,-1.35542266,-215.95088761
346.0,0.20960122,0.00061167,-1.26e-06,7938082.265169454,0.02632234179473921,,-2.15246549,-216.19500566
347.0,0.20956754,0.00061529,-1.69e-06,7835733.444772614,0.025982537597777886,,-0.57902095,-216.18174265
348.0,0.20959013,0.00062992,-2.4e-07,7920670.297053852,0.02626448968267919,,-1.63325386,-216.22074376
349.0,0.20959095,0.00059378,4.9e-07,7940957.085904572,0.02633165658927538,,-1.67563702,-216.22468327
350.0,0.20961621,0.0005704,1.69e-06,7906570.6505451,0.026217877838510394,,-2.83822503,-216.23637047
351.0,0.20960102,0.00055975,1.46e-06,7888719.47985175,0.026158460413705724,,-2.12957517,-216.28692746
352.0,0.20957565,0.000553,2.52e-06,7864075.703234625,0.026076373884283462,,-0.95471575,-216.210895
353.0,0.20959177,0.00056605,2.23e-06,7905758.86926641,0.026214843311936003,,-1.70624055,-216.03755674
354.0,0.20961457,0.00058244,1.96e-06,7914977.681015301,0.02624576172428191,,-2.76507287,-114.08819674
355.0,0.20959588,0.00057805,2.86e-06,7909144.9524087375,0.02622614629575401,,-1.89724516,209.35673602
356.0,0.20959311,0.00059423,2.69e-06,7973291.31891179,0.026438862445124434,,-1.78315988,221.75344236
357.0,0.20959629,0.00057699,1.94e-06,7907852.11338427,0.02622187922218432,,-1.91596043,221.83026275
358.0,0.20956128,0.00055495,2.98e-06,7863249.341223259,0.02607344293234684,,-0.29260833,221.8562635
359.0,0.20956128,0.00057345,5.33e-06,7862901.089214277,0.026072294531737296,,-0.29259541,221.85495033
360.0,0.209566,0.00057593,3.28e-06,7871882.439965365,0.026102182553822954,,-0.51068095,221.90235573
361.0,0.20955563,0.00055898,2.92e-06,7890802.388606458,0.02616474322331073,,-0.03266065,216.15041283
362.0,0.20954403,0.00056654,4.32e-06,7922030.354498928,0.026268132333988684,,0.50549063,206.80498392
363.0,0.209562,0.00054678,5.43e-06,7929700.475627346,0.02629372606431971,,-0.32845926,81.5547435
364.0,0.20957247,0.00053776,5.09e-06,7897479.126515019,0.026187003646805915,,-0.81153885,39.9910158
365.0,0.20954474,0.00054589,5.05e-06,7836137.806592518,0.025983266183061123,,0.46702633,39.92969087
366.0,0.20957391,0.00055081,3.5e-06,7984796.539890322,0.026476622465393198,,-0.88773905,39.87965919
367.0,0.20952975,0.00057536,1.32e-06,7952040.729448479,0.026367534805766264,,1.17200905,39.86679015
368.0,0.2095356,0.00058122,1.88e-06,7944653.798518949,0.026343123762604954,,0.89864462,39.91314496
369.0,0.20953899,0.00058191,1.37e-06,7894897.619837596,0.026178196681944522,,0.73636714,39.81137449
370.0,0.20953068,0.00066212,3.18e-06,7846429.744356375,0.026017561857044597,,1.11399335,39.65550151
371.0,0.20943456,0.00096484,1.147e-05,7940052.24290515,0.026327411503884415,,5.59485945,39.75569618
372.0,0.20904599,0.00143763,2.17e-05,7644778.756309925,0.025344481572836898,,22.7570075,39.49253742
373.0,0.20839248,0.00212337,3.404e-05,7440488.110512177,0.02466063922845975,,50.51354768,39.58222676
374.0,0.20760343,0.0028074,4.898e-05,7413411.719697875,0.02456257001926013,,84.33851187,39.55543815
375.0,0.20698771,0.00344382,6.461e-05,7290238.032765179,0.024148223010764084,,108.94982086,39.3943125
376.0,0.20625504,0.00398881,8.004e-05,7434700.137434877,0.02461861662307296,,142.57471429,39.26929895
377.0,0.20566222,0.00448237,9.622e-05,7410237.6290684,0.02453109146379899,,167.40288676,39.17855908
378.0,0.2050348,0.0048697,0.00011285,7371039.218837111,0.024394075285959698,,193.07090354,39.05380817
379.0,0.2045993,0.00518039,0.00012599,7323367.873614071,0.024231362452580004,,210.08865285,38.9034505
380.0,0.20417273,0.00543786,0.00013768,7326299.542975258,0.02423609326421639,,228.03418283,38.74245617
381.0,0.20391232,0.00567586,0.00015013,7371294.811488075,0.024381996177002718,,240.38921936,38.61809921
382.0,0.20356626,0.00587645,0.00016161,7271959.22774303,0.024049340139400514,,251.48790559,38.48244901
383.0,0.20331683,0.00602692,0.00017276,7348393.745244727,0.024299099356693027,,264.55918566,38.2706351
384.0,0.203075,0.00615332,0.00018025,7211211.842033643,0.023842605160969133,,269.53023759,38.15205607
385.0,0.20280411,0.00630728,0.00018624,7319016.857950107,0.02419584624629357,,284.81341819,37.975829
386.0,0.20257039,0.00643303,0.00019314,7383905.717666268,0.024407521123511303,,297.12169094,37.79290477
387.0,0.20236358,0.00657195,0.00019874,7169648.677993328,0.023696928534025205,,296.8981154,37.68391187
388.0,0.20222649,0.00666952,0.00020106,7253145.917854426,0.023971351761138116,,305.98314673,37.50794743
389.0,0.20209854,0.00675738,0.00020015,7260113.511594307,0.02399297664996902,,311.53165558,37.30873993
390.0,0.20208149,0.00678401,0.00019934,7172699.391795975,0.023703959494403775,,308.47275745,37.17532212
391.0,0.20192192,0.00681267,0.00019605,7177701.022909395,0.023718584842421644,,315.15975877,37.02049967
392.0,0.2019061,0.00683869,0.0001936,7314829.074482051,0.024171629256368895,,321.83546521,36.84545445
393.0,0.20182714,0.0068902,0.00019154,7119297.6775445705,0.023524669793715813,,316.40845903,36.68708645
394.0,0.20176604,0.00695619,0.00018785,7231438.495007991,0.023894674122819187,,323.88905384,36.57087113
395.0,0.20171747,0.00701916,0.00018659,7137252.951699583,0.023583026000699343,,321.62892409,36.4019978
396.0,0.20165709,0.0071197,0.00018439,7116853.6711099595,0.023515153792922697,,323.13752567,36.22550809
397.0,0.20149402,0.00724805,0.00018216,7130051.67037438,0.02355705739510821,,330.2964559,36.09077711
398.0,0.20127067,0.00738213,0.00018284,6919584.46983379,0.022859253488952045,,329.25559052,35.98047105
399.0,0.20113174,0.00743226,0.00018288,7024827.272124388,0.02320530818874444,,339.75745564,35.73083791
400.0,0.20101395,0.0073775,0.00018087,7168496.859173147,0.023678274996179492,,351.45276154,35.59006636
401.0,0.20106417,0.00719113,0.00017762,7243338.50627163,0.023925705870149125,,353.07057137,35.44666847
402.0,0.20125383,0.00698843,0.00017266,7304019.11525953,0.024128177965563203,,348.22820901,35.29460368
403.0,0.20145192,0.00686353,0.00016695,7145265.400793997,0.02360605947856766,,332.686071,35.18508552
404.0,0.2015927,0.00692862,0.00016453,7084902.186658709,0.023408626435686777,,324.25700892,35.07110258
405.0,0.20151507,0.00726545,0.00016502,6973322.864766394,0.02303984197068947,,322.21355896,34.93427053
406.0,0.20097698,0.00785016,0.00016551,6708839.992828937,0.022160943820490657,,330.33216869,34.78102389
407.0,0.20016154,0.00872462,0.00016668,6543960.297738116,0.02160875919314985,,352.18506689,34.61359504
408.0,0.19901257,0.00979956,0.00017195,6220971.074932007,0.0205315949868594,,374.75756699,34.36921458
409.0,0.1975619,0.01105594,0.00017567,6160645.086641575,0.020318852433761386,,420.77295578,34.11196508
410.0,0.19581199,0.01240201,0.00017698,6109439.378878919,0.02013304065009994,,476.21287601,33.83317963
411.0,0.19382734,0.01358322,0.0001768,6040478.138887545,0.019885676261787257,,536.31990948,33.58380913
412.0,0.19201881,0.01453846,0.00017424,6022882.1665610075,0.019808873000623374,,593.70455711,33.26339627
413.0,0.19078162,0.01527234,0.00017332,6068875.629775019,0.019947094954117218,,638.57522126,32.97870157
414.0,0.1898637,0.01582619,0.00017064,6102859.8317282535,0.020049001315878272,,672.0903047,32.71790651
415.0,0.18921214,0.01622112,0.00016571,6056200.918470573,0.019888815121695127,,687.96154634,32.45225274
416.0,0.18868587,0.01632276,0.00015971,6062591.273025068,0.019903706526298123,,705.60947513,32.22179185
417.0,0.18879513,0.01615749,0.00015492,6149756.855730021,0.020190915318898935,,712.18583735,31.96047153
418.0,0.18887769,0.01586323,0.00015101,6273507.274517875,0.02059760887668635,,723.7506472,31.69153484
419.0,0.18928115,0.01545923,0.0001477,6320537.026664787,0.020756222491123546,,715.62023192,31.47171061
420.0,0.18969354,0.01504946,0.00014403,6232865.543681967,0.020472544867379344,,692.00344013,31.25438139
421.0,0.19015892,0.01471044,0.00014062,6268141.2550712265,0.020593474872788866,,680.35949644,31.01065752
422.0,0.19049225,0.01434893,0.00013744,6168453.790262723,0.020269244516181208,,658.54130188,30.79529806
423.0,0.19093309,0.01401762,0.00013195,6166488.302781732,0.020267478042904925,,643.77558437,30.58217098
424.0,0.19128151,0.01366156,0.0001268,6332599.476668254,0.020817015837312238,,649.27379035,30.41907558
425.0,0.19179957,0.0132868,0.00012418,6290286.063354932,0.020683468636226006,,627.41535452,30.19662502
426.0,0.19227583,0.01289959,0.00012127,6344292.662935872,0.020866074389884335,,616.51518918,29.96485097
427.0,0.19289176,0.01247153,0.00011697,6421341.932370082,0.0211262093175585,,602.63307039,29.74463279
428.0,0.1934322,0.01204465,0.00011479,6489666.984427108,0.02135677279977843,,590.03754952,29.55895091
429.0,0.19406383,0.01159577,0.00011407,6464302.276344994,0.021280072803604746,,565.54345236,29.42264413
430.0,0.19468263,0.01112424,0.00011058,6522348.721062755,0.021477777863193083,,548.62265209,29.24444731
431.0,0.1953577,0.0106604,0.00010601,6529438.6890587825,0.021508442272569362,,525.1218578,29.05390671
432.0,0.19613844,0.01013383,0.00010509,6533442.5303937225,0.021529987470458523,,497.45886588,28.94740884
433.0,0.19697637,0.00958034,0.00010269,6620954.480460313,0.021827435484298902,,473.56739536,28.78116184
434.0,0.1976615,0.00902511,9.796e-05,6681423.959952548,0.022034001685457463,,452.58505347,28.67374474
435.0,0.19845271,0.00838027,9.007e-05,6845806.177853537,0.022584607435172887,,433.6706584,28.56317604
436.0,0.19930379,0.00761871,8.307e-05,6944467.390477884,0.022919100916686905,,407.00036982,28.45431446
437.0,0.20042196,0.00680283,7.933e-05,7087722.423121186,0.023404228099160575,,371.05315185,28.42017211
438.0,0.20182755,0.00597671,7.888e-05,7137105.816944651,0.023583154757145633,,317.17846973,28.37565573
439.0,0.20305333,0.00522491,8.094e-05,7150605.031879746,0.023641311442456566,,268.13744041,28.39193901
440.0,0.20408647,0.00451843,8.42e-05,7169961.051782449,0.023716417334735538,,226.68413305,28.48412336
441.0,0.20501662,0.00386449,9.166e-05,7223609.131979912,0.023903726679940444,,189.94421164,28.46390059
442.0,0.20577949,0.0033369,0.00010075,7271208.680440645,0.024069277172917132,,159.33845217,28.42371766
443.0,0.20648855,0.00289717,0.00010936,7278592.713937541,0.024101272273177685,,129.75862544,28.44328386
444.0,0.20705385,0.00247089,0.00011192,7300912.791744613,0.024181063162260395,,106.30090694,28.47690094
445.0,0.20746152,0.00211292,0.00011196,7279522.807013634,0.0241143310827917,,88.79687581,28.47256749
446.0,0.2078964,0.0018193,0.00010893,7284959.980403929,0.024136994566510254,,70.47429571,28.47663831
447.0,0.20818259,0.00161371,0.00010313,7313721.299975098,0.02423538670688182,,58.58282772,28.44105147
448.0,0.20839372,0.00146166,9.655e-05,7360161.869733865,0.024391610725054084,,49.90963717,28.49922479
449.0,0.20858677,0.00134802,8.704e-05,7373925.81011493,0.024439486299010174,,41.70896485,28.463244
450.0,0.20873341,0.00125265,7.669e-05,7359215.114492937,0.02439247435177587,,35.3333797,28.46849667
451.0,0.208924,0.00116816,6.689e-05,7289590.271058709,0.024163977395467842,,26.89166487,28.51931625
452.0,0.20902381,0.00110303,5.813e-05,7373089.54987299,0.02444198131522212,,22.90217257,28.48477995
453.0,0.209138,0.0010392,5.332e-05,7412107.50444725,0.024572658225147183,,18.07825937,28.50408351
454.0,0.20917661,0.00097379,4.974e-05,7417509.1826164,0.0245909375079098,,16.41746913,28.52575077
455.0,0.20922631,0.00094598,4.51e-05,7341901.877904607,0.024340898094319774,,14.11695661,28.5118312
456.0,0.2093366,0.00092899,3.876e-05,7388946.3827030435,0.024498291022875558,,9.44174727,28.49200237
457.0,0.20929963,0.0008752,3.449e-05,7424383.196561407,0.024615263322622878,,11.09238757,28.47860806
458.0,0.2093369,0.00083231,3.22e-05,7486349.504125257,0.024821103596098373,,9.55266813,28.48241625
459.0,0.20934214,0.00083588,3.05e-05,7418371.250050363,0.024595824778898965,,9.23867417,28.51235646
460.0,0.2094056,0.00080897,2.679e-05,7374454.27835104,0.024450991190915733,,6.44587747,28.43067745
461.0,0.20940622,0.00078124,2.375e-05,7412791.011910234,0.02457809184101347,,6.45265651,28.46061767
462.0,0.2093903,0.00075364,2.036e-05,7467325.110411445,0.024758698215230763,,7.19559411,28.48149703
463.0,0.20936514,0.00073445,1.781e-05,7495618.228079338,0.024852189244931256,,8.32620379,28.48701233
464.0,0.209398,0.0007266,1.853e-05,7476856.495597173,0.024790358600399545,,6.86782763,28.45786001
465.0,0.20945715,0.00075441,1.837e-05,7460347.0255967025,0.024736427870081353,,4.27027594,28.46534507
466.0,0.20941988,0.00075758,1.742e-05,7456237.538737121,0.02472236550599596,,5.89457349,28.47361802
467.0,0.20943528,0.00074274,1.659e-05,7495703.435799872,0.02485338906039848,,5.25007857,28.49003262
468.0,0.20946146,0.00073026,1.818e-05,7489497.660591122,0.024833077297775088,,4.0978867,28.49948742
469.0,0.20940108,0.00072351,1.76e-05,7433842.326850915,0.024647786910922658,,6.6943154,28.46298137
470.0,0.20944206,0.00070932,1.674e-05,7442297.112715627,0.024676305091610617,,4.91745367,28.47479987
471.0,0.20948498,0.00069461,1.588e-05,7511429.805776393,0.024906039741684927,,3.07594027,28.47046642
472.0,0.20945674,0.00070001,1.492e-05,7502779.104567308,0.024877035628732676,,4.31258796,28.48018386
473.0,0.20949361,0.00071453,1.46e-05,7525650.2290544165,0.024953374245692404,,2.70176325,28.49029525
474.0,0.20948498,0.00067908,1.578e-05,7469379.608139138,0.024766573120207303,,3.0587159,28.45286998
475.0,0.20947492,0.00065924,1.488e-05,7520658.5904212855,0.024936439885616047,,3.52273817,28.50605326
476.0,0.20949628,0.00065131,1.59e-05,7496646.731446907,0.02485705005652774,,2.57415942,28.48885077
477.0,0.20948796,0.00065972,1.446e-05,7501769.276967826,0.024873979365438274,,2.94120121,28.46836535
478.0,0.20949289,0.00066257,1.581e-05,7538203.594781851,0.024994831203290283,,2.73797356,28.47046642
479.0,0.20949042,0.00065541,1.595e-05,7525202.302525652,0.024951669968686842,,2.84181715,28.44879916
480.0,0.20948139,0.00065639,1.562e-05,7519712.039196016,0.024933361389237896,,3.23752673,28.49108315
481.0,0.20950767,0.00063448,1.402e-05,7539703.718080266,0.024999948898320492,,2.0858232,28.48858813
482.0,0.20950223,0.00062025,1.235e-05,7533666.397195957,0.02497985529368419,,2.32419178,28.45168813
483.0,0.20949361,0.00064802,1.068e-05,7535122.035558507,0.024984676974828198,,2.70515248,28.48399205
484.0,0.20951876,0.00064663,1.051e-05,7521047.596556565,0.024938322951754337,,1.59233107,28.49567924
485.0,0.20951835,0.00065395,1.182e-05,7564787.901806919,0.02508334763105342,,1.61978363,28.42752585
486.0,0.20953499,0.00063667,1.388e-05,7580707.912186166,0.025136261651003498,,0.88482306,28.45602158
487.0,0.20946146,0.00065407,1.423e-05,7567957.805354686,0.025093100078269013,,4.14079496,28.40887887
488.0,0.20956579,0.00067034,1.405e-05,7509983.874690267,0.02490222229536576,,-0.47817187,28.43514222
489.0,0.20955625,0.00066546,1.359e-05,7583513.001596493,0.025145911648241676,,-0.05874976,28.44984969
490.0,0.2095164,0.00063126,1.519e-05,7601751.010936714,0.025205764014401662,,1.71452501,28.44958706
491.0,0.20953304,0.00063911,1.565e-05,7542330.001012989,0.02500895742269408,,0.96650544,28.45431446
492.0,0.20953057,0.00065761,1.346e-05,7606576.992865556,0.025222046136822374,,1.08450526,28.44105147
493.0,0.20952575,0.00064167,1.163e-05,7613745.477842236,0.025245745774041973,,1.30067927,28.42096001
494.0,0.20949761,0.00063602,1.08e-05,7580705.168284937,0.025135836336720854,,2.54378528,28.47571909
495.0,0.20955101,0.00062687,1.062e-05,7641245.931766429,0.025337231605696432,,0.17513791,28.4365867
496.0,0.20954023,0.00064631,1.094e-05,7605134.249895544,0.02521740020536408,,0.654467,28.42883901
497.0,0.20953838,0.00065688,1.151e-05,7562666.052013534,0.025076576770668508,,0.73266328,28.44328386
498.0,0.20951476,0.00063728,1.249e-05,7593947.107458294,0.02517993231160909,,1.78581772,28.4545771
499.0,0.20952914,0.00062931,1.251e-05,7625261.413126037,0.025283924482242908,,1.15135197,28.43514222
500.0,0.20954957,0.0006237,1.294e-05,7635859.2043278515,0.0253193009147941,,0.2392948,28.45273866
501.0,0.20951538,0.00063777,1.213e-05,7572382.214233896,0.025108443275422724,,1.75343169,28.43724329
502.0,0.20951127,0.00064151,9.51e-06,7571879.296896222,0.02510678142388661,,1.93540804,28.44551624
503.0,0.20954218,0.00062017,8.25e-06,7596520.138964878,0.025188841637950286,,0.56694004,28.44354649
504.0,0.20952246,0.00061208,7.69e-06,7531394.387526259,0.024972637470436904,,1.43151005,28.44735468
505.0,0.20948477,0.00063728,8.33e-06,7582725.518444809,0.025142421869368138,,3.11425043,28.48609311
506.0,0.20947985,0.00062159,8.29e-06,7584762.339910067,0.025149072791346636,,3.33392742,28.44971838
507.0,0.20952944,0.00062139,1.087e-05,7601342.572426404,0.02520462682955273,,1.13403005,28.44722336
508.0,0.209501,0.00061846,1.131e-05,7639839.065770346,0.02533189741551223,,2.41206178,28.45444578
509.0,0.20952605,0.00063805,1.069e-05,7661812.794684183,0.025405139358974874,,1.29507153,28.42214186
510.0,0.20955676,0.00065147,9.97e-06,7615577.907157622,0.02525226998168038,,-0.08189546,28.44446571
511.0,0.20950962,0.00064732,9.47e-06,7647931.639324719,0.02535895046615417,,2.02841483,28.45497105
512.0,0.20952944,0.00064545,7.11e-06,7692379.347967472,0.025506621406282227,,1.14761773,28.43763724
513.0,0.20956631,0.00062521,7.37e-06,7639087.324008429,0.025330322997091523,,-0.50936106,28.41741446
514.0,0.20954228,0.00060785,9.45e-06,7638725.686795391,0.025328735022606564,,0.56549573,28.42187923
515.0,0.20954218,0.00059467,1.07e-05,7645767.469624615,0.025352025165498306,,0.570613,29.35803631
516.0,0.20955173,0.00058597,9.67e-06,7659182.130305513,0.025396622941682934,,0.14330973,24.01790979
517.0,0.2095583,0.00060207,9.14e-06,7708554.804126097,0.025560471852871074,,-0.15242518,-192.97438684
518.0,0.20953181,0.00062074,9.92e-06,7739354.495708932,0.025662294801828137,,1.04759503,-216.26040146
519.0,0.20955399,0.00064549,9.12e-06,7674533.514167308,0.02544772351681495,,0.04207203,-216.25869434
520.0,0.20954197,0.0006424,8.79e-06,7666544.141064755,0.025421076707453766,,0.5813867,-216.28745273
521.0,0.20953181,0.00065265,9.85e-06,7720744.4003144875,0.025600674134274817,,1.04507952,-216.28430112
522.0,0.20954567,0.00062057,9.41e-06,7741149.203172862,0.025668432810790405,,0.4194751,-216.24713845
523.0,0.20954567,0.00062557,7.81e-06,7740645.842661526,0.025666806881977616,,0.41944852,-216.28246269
524.0,0.20949617,0.0005987,5.97e-06,7746386.368864977,0.02568516675059551,,2.66457484,-216.26118936
525.0,0.2095202,0.00058223,3.7e-06,7708984.967314494,0.02556145793960113,,1.56723069,-216.28942248
526.0,0.20953899,0.0005789,2e-06,7721863.622550434,0.02560442434282964,,0.72022749,-216.25895697
527.0,0.20953406,0.0006009,6.1e-07,7751587.661133755,0.02570300607138151,,0.94672017,-216.26381569
528.0,0.20954659,0.00061411,-5.7e-07,7765975.975985073,0.025750934541845093,,0.37879615,-216.27694738
529.0,0.20954505,0.00059968,7.4e-07,7788162.847164238,0.02582441977842711,,0.45012225,-216.25042137
530.0,0.20954628,0.00058671,1.33e-06,7706371.905242948,0.025553182922565976,,0.38978873,-216.2762908
531.0,0.20951373,0.00060586,2.2e-07,7717074.550726354,0.025588326300033597,,1.86117834,-216.30005915
532.0,0.20949309,0.00058541,9.9e-07,7727232.633570995,0.025621674476392846,,2.79734835,-216.19960175
533.0,0.2095582,0.00059069,2.84e-06,7752805.869658114,0.025707287103305564,,-0.14863873,-216.07064859
534.0,0.20958161,0.00059911,2.72e-06,7760015.071652337,0.025731518265337955,,-1.21276084,-193.73864936
535.0,0.20958602,0.00058345,1.8e-07,7763579.108682614,0.025743398027348766,,-1.41408727,9.99827189
536.0,0.20962576,0.00058069,3.2e-07,7785341.161014253,0.02581606232801579,,-3.23022938,-0.92767493
537.0,0.20956569,0.00058032,5e-08,7768738.245976577,0.025760237216774076,,-0.48997572,-0.85663258
538.0,0.20957247,0.00058284,1.18e-06,7719529.181179649,0.025597138371249308,,-0.79325883,-0.85203649
539.0,0.20957062,0.00057784,1.45e-06,7780347.887885127,0.025798764289343232,,-0.71528863,-0.82918738
540.0,0.20961632,0.00059821,1.65e-06,7711857.243076648,0.02557229257435685,,-2.77297551,-0.77876175
541.0,0.20957637,0.00060586,-0.0,7756689.307229529,0.025720491641350644,,-0.97433895,-0.79832794
542.0,0.20958818,0.00063309,-8.2e-07,7769966.988528016,0.025764760359204972,,-1.51339203,-0.75880161
543.0,0.2095773,0.0006296,-6.5e-07,7787255.633152054,0.025821935318725873,,-1.0203298,-0.77311513
544.0,0.20955666,0.00063866,-8e-07,7787989.573807994,0.0258241296456866,,-0.07906688,-0.76497349
545.0,0.20959065,0.00063948,7e-08,7767693.948871798,0.025757255629874742,,-1.62506965,-0.69314324
546.0,0.20958828,0.00064001,2.18e-06,7743969.2238341365,0.025678517564625573,,-1.51298354,-0.75512474
547.0,0.20956241,0.00064131,3.41e-06,7726334.687381693,0.02561969165096928,,-0.33862393,-0.73004324
548.0,0.20954998,0.00061882,4.31e-06,7721101.305260419,0.02560210198937166,,0.22339654,-0.70522438
549.0,0.20959691,0.00060512,6.23e-06,7755188.274720104,0.025715660904177397,,-1.90695757,-0.74199306
550.0,0.20957319,0.00062805,7.83e-06,7782087.176201357,0.02580458179094433,,-0.83244677,-0.72058843
551.0,0.20956528,0.00063037,7.37e-06,7769374.722952491,0.025762341493187946,,-0.47132733,-0.74816495
552.0,0.20953191,0.00059655,8.2e-06,7787315.794199863,0.02582129358744541,,1.04940356,-0.76326637
553.0,0.20958274,0.00061695,6.55e-06,7804939.244558423,0.025880474298551368,,-1.27141336,-0.77981228
554.0,0.20955173,0.00062858,4.81e-06,7739669.422630452,0.02566371078680315,,0.1448169,-0.75079128
555.0,0.20957894,0.00059256,4.06e-06,7721628.25127619,0.025604154406169748,,-1.08602255,-0.75512474
556.0,0.20961016,0.00058256,2.45e-06,7759218.351619928,0.025729204239498392,,-2.50997436,-0.75433684
557.0,0.20954618,0.00058406,4.29e-06,7774440.959321394,0.025778826196338925,,0.39790544,-0.76576139
558.0,0.20951301,0.00061582,4.54e-06,7799913.808001784,0.025862942238073245,,1.91397857,-0.76090267
559.0,0.20955984,0.00062208,2.52e-06,7828340.352697087,0.025957862347898722,,-0.22540661,-0.72321477
560.0,0.20943939,0.00059858,2.36e-06,7777303.50447859,0.025787014079652434,,5.26032732,-0.71533577
561.0,0.2095165,0.00058475,3.82e-06,7785156.114740569,0.025813983054488905,,1.75121619,-0.74435676
562.0,0.20956323,0.00061529,4.15e-06,7747936.437797342,0.02569124738525686,,-0.37684296,-0.72741691
563.0,0.20944483,0.00061065,4.36e-06,7827012.7154152915,0.025951899801799006,,5.04463605,-0.74501335
564.0,0.20961806,0.00061208,2.8e-06,7804790.843448591,0.02588049635474337,,-2.88620174,-0.71756815
565.0,0.20960163,0.00060943,9.1e-07,7825383.384203985,0.025948595674006557,,-2.14072908,-0.73437669
566.0,0.20955963,0.00060297,-1.8e-07,7826642.620315684,0.025952228713470506,,-0.21594484,-0.72465925
567.0,0.20954587,0.00059557,-1.76e-06,7800346.455377069,0.0258648650316274,,0.41330449,-0.71691157
568.0,0.20957011,0.00058565,-2.74e-06,7775910.1447600415,0.02578414181771024,,-0.69150251,-0.73096246
569.0,0.20953499,0.00056504,-3.82e-06,7759796.837292531,0.0257302238591041,,0.90573114,-0.72741691
570.0,0.20957771,0.00052898,-2.24e-06,7724330.565580738,0.02561304493359355,,-1.03065664,-0.72807349
571.0,0.2095506,0.00054914,-1.53e-06,7761614.436988245,0.025736366292486153,,0.19656536,-0.71428523
572.0,0.20956076,0.0005774,-1.77e-06,7786020.830278109,0.02581750660303332,,-0.26632592,-0.6842137
573.0,0.20956467,0.00058541,-1.91e-06,7775759.030436064,0.025783554441371953,,-0.44365979,-0.73608381
574.0,0.20958931,0.00061069,-1.4e-06,7796093.574821865,0.025851359293889542,,-1.57005398,-0.71494182
575.0,0.20954895,0.00063423,-4.4e-07,7805303.682977109,0.025881422728795785,,0.2727679,-0.70325463
576.0,0.20957473,0.00063801,1.33e-06,7843821.2318888,0.026009454761705124,,-0.90981191,-0.7540742
577.0,0.20957001,0.00060817,9.2e-07,7850205.749889645,0.0260304900170634,,-0.69338849,-0.71822473
578.0,0.20955532,0.00060777,6.2e-07,7843507.453438389,0.026008092493065977,,-0.01831567,-0.7454073
579.0,0.20958099,0.00061663,2.44e-06,7855898.837846098,0.026049505360525665,,-1.19940123,-0.72702296
580.0,0.20956908,0.00062334,4.08e-06,7770639.844253456,0.025766627712812427,,-0.6443033,-0.72859876
581.0,0.2095623,0.00060992,4.42e-06,7838039.340087198,0.025989986218203268,,-0.33880489,-0.70588096
582.0,0.20955861,0.00058488,3.28e-06,7757869.5604419,0.025724059056082826,,-0.16739582,-0.74028595
583.0,0.20956867,0.00060785,1.79e-06,7805690.7772871815,0.025882848370197997,,-0.62843339,-0.69419377
584.0,0.20960533,0.00059577,8.9e-07,7797957.139637204,0.02585766273882722,,-2.30206946,-0.71113363
585.0,0.20953776,0.00058496,6.5e-07,7788502.039983774,0.02582541204003233,,0.78264033,-0.72085107
586.0,0.20957658,0.0005987,9.9e-07,7710515.189558725,0.025567347570403475,,-0.97781143,-0.75302367
587.0,0.20956528,0.00059228,5e-08,7676877.549615788,0.0254556644994554,,-0.46571662,-0.73227562
588.0,0.20956939,0.00057695,5.1e-07,7784308.819764182,0.025811897525458614,,-0.65947877,-0.74356886
589.0,0.20959527,0.00057792,-1.2e-07,7810899.133590398,0.025900417833660913,,-1.84549534,-0.75433684
590.0,0.2095965,0.00058073,-2.02e-06,7697407.2785020955,0.025524144708508643,,-1.87423779,-0.7414678
591.0,0.2095585,0.00061114,-3.95e-06,7690606.596763839,0.025501226110794594,,-0.16132116,-0.71034573
592.0,0.20959773,0.00059085,-4.28e-06,7794607.777984188,0.025846541318502593,,-1.95416656,-0.72820481
593.0,0.20951096,0.00056987,-3.38e-06,7783650.610752644,0.02580901347776787,,2.00357984,-0.68644608
594.0,0.20956004,0.00056662,-1.32e-06,7814978.024538704,0.02591347809430189,,-0.23442003,-0.70982046
595.0,0.20954813,0.00057406,-1.49e-06,7841379.4405369535,0.026000890355960586,,0.31174746,-0.74908417
596.0,0.20951486,0.00055674,-2.48e-06,7808887.21468283,0.025892690998408272,,1.83167333,-0.71362865
597.0,0.20959352,0.00057447,-3.37e-06,7748935.38295057,0.025694978710033872,,-1.75163039,-0.72439662
598.0,0.20954177,0.00059317,-3.02e-06,7776604.13024796,0.02578610284144021,,0.59908693,-0.73700303
599.0,0.20954136,0.00059947,-1.89e-06,7810727.33380629,0.025899241150962968,,0.62050146,-0.73201299
600.0,0.20955316,0.00059244,-1.14e-06,7798236.647102941,0.025857943470673817,,0.08026405,-0.73923541
601.0,0.20953704,0.00061232,5.8e-07,7747474.9621576015,0.02568943869600006,,0.8111283,-0.71533577
602.0,0.20948519,0.00060496,2.36e-06,7786934.591039611,0.025819557311577323,,3.17939925,-0.72216424
603.0,0.20956631,0.00059333,2.29e-06,7784689.4770568665,0.02581313113404947,,-0.51906971,-0.77574147
604.0,0.2095661,0.00060988,3.27e-06,7776744.03404686,0.02578680878028286,,-0.50918731,-0.75945819
605.0,0.20957257,0.00061789,2.02e-06,7772727.915197691,0.025773620159666985,,-0.80340229,-0.76523613
606.0,0.20958756,0.00059285,2.48e-06,7749613.577493914,0.025697091913484876,,-1.4814533,-0.75459947
607.0,0.20960276,0.00058683,3.36e-06,7789916.283843607,0.02583089612046146,,-2.18255604,-0.76260979
608.0,0.20955491,0.00059671,2.73e-06,7849698.188781292,0.026028544975011402,,0.0005507,-0.76339769
609.0,0.20954844,0.00059236,1.44e-06,7853746.8612945955,0.02604189788083076,,0.29807165,-0.71231548
610.0,0.20954187,0.00059903,1.81e-06,7842166.514520519,0.026003424852103968,,0.59942055,-0.71047705
611.0,0.20952996,0.00061675,3.56e-06,7831304.024689239,0.025967267146063882,,1.14480034,-0.68749662
612.0,0.20959177,0.00061606,3.28e-06,7820343.255357762,0.025931728588530642,,-1.6878135,-0.68644608
613.0,0.20957093,0.00060638,3.14e-06,7795553.596856788,0.02584923458617644,,-0.7307518,-0.71769947
614.0,0.20958223,0.0006,3.62e-06,7808627.680691677,0.02589270696171399,,-1.24853408,-0.72308345
615.0,0.20954218,0.00060777,3.44e-06,7823248.837858416,0.02594069400092659,,0.58386243,-0.71100231
616.0,0.2095928,0.00061106,9.6e-07,7789536.6072531035,0.025829618871272695,,-1.72801529,-0.74658915
617.0,0.20959588,0.00062126,5.5e-07,7833195.451847297,0.02597446439408722,,-1.87903805,-0.71756815
618.0,0.20961776,0.00058593,1.39e-06,7789647.832194282,0.02583023406667484,,-2.86654043,-0.75814502
619.0,0.20960821,0.00058154,1.51e-06,7843851.34634562,0.026009832785722945,,-2.44771313,-0.7234774
620.0,0.20959691,0.00058939,3.03e-06,7852291.996324833,0.026037667248767795,,-1.93083609,-0.7179621
621.0,0.20959958,0.00057723,3.49e-06,7779995.038914739,0.02579792842139985,,-2.03471567,-0.73319484
622.0,0.20958623,0.00057666,4e-06,7816218.287760799,0.025917858019261757,,-1.43307169,-0.73700303
623.0,0.20959208,0.00058439,2.8e-06,7784533.0770503115,0.025812911645052027,,-1.69412531,-0.73450801
624.0,0.20958459,0.00057532,1.66e-06,7773025.880887883,0.025774654776857468,,-1.35035863,-0.7532863
625.0,0.20957083,0.00057179,7.4e-07,7745276.498529211,0.025682471047307302,,-0.72137973,-0.73529591
626.0,0.20957545,0.00056504,2.4e-07,7791312.078141463,0.025835170642115254,,-0.93651377,-0.71822473
627.0,0.209566,0.00058447,2.24e-06,7787137.480424735,0.025821221351314982,,-0.50518401,-0.75696317
628.0,0.20955522,0.00060285,3.26e-06,7763008.07542256,0.02574110292544902,,-0.0134596,-0.72216424
629.0,0.20955861,0.00060037,3.12e-06,7685656.224739787,0.025484653652207298,,-0.16583793,-0.75184182
630.0,0.20955265,0.00061508,5.3e-06,7791470.275523648,0.025835441651034543,,0.10361983,-0.71888132
631.0,0.20954906,0.00062614,4.1e-06,7807365.203732953,0.025888153016350748,,0.26814419,-0.72597242
632.0,0.20956446,0.00063753,3.52e-06,7789444.007268985,0.025828969541426033,,-0.43507294,-0.73122509
633.0,0.20956641,0.00062228,3.57e-06,7769521.942900656,0.025762893073244097,,-0.52273169,-0.7752162
634.0,0.20950541,0.00062171,2.11e-06,7771000.372141379,0.025767034231542175,,2.25260542,-0.76116531
635.0,0.20964507,0.00062846,4.2e-07,7757813.459191565,0.02572515637262113,,-4.09617445,-0.76996353
636.0,,0.00062752,,,0.025910600322653892,,,-0.76287242
637.0,,0.00063736,,,0.025820958928029988,,,-0.72820481
638.0,,,,,0.025986179569709136,,,-0.7446194
639.0,,,,,0.026018022690989455,,,-0.70207277
640.0,,,,,0.025820277173229926,,,-0.7140226
641.0,,,,,0.026061681016147028,,,-0.70194146
642.0,,,,,,,,-0.73962936
643.0,,,,,,,,-0.72544715
644.0,,,,,,,,-0.74448808
645.0,,,,,,,,-0.74960943
646.0,,,,,,,,-0.75880161
647.0,,,,,,,,-0.73660908
