Time (s),O2 (Vol fr),CO2 (Vol fr),CO (Vol fr),HRR (kW/m2),MFR (kg/s),k_smoke (1/m),original HRR (kW/m2),Mass (g)
0.0,0.20953848,0.00061329,2.13e-06,925.961185309425,0.026302413768407723,,-2.19571511,-0.25561984
1.0,0.20950819,0.00060697,5.19e-06,928.6087976235431,0.026377144814006537,,-0.46842045,-0.2453941
2.0,0.20953047,0.00061655,4.76e-06,931.9572862879509,0.026472588785219006,,-1.74988538,-0.20803081
3.0,0.20954751,0.00060292,1.9e-06,937.1645664615979,0.026620747458994166,,-2.74422603,-0.2448697
4.0,0.20953365,0.00061158,1.85e-06,934.942652763063,0.026557473471624203,,-1.93891579,-0.24382091
5.0,0.20954125,0.00063395,1e-06,933.2224102389254,0.02650878853948796,,-2.37240749,-0.24408311
6.0,0.20952728,0.00065207,2.03e-06,934.7540344670407,0.026552140393841864,,-1.57176354,-0.2641413
7.0,0.2095049,0.00062346,3.06e-06,931.2162058921995,0.026451251198543975,,-0.28117592,-0.21851875
8.0,0.20954012,0.0005974,5.4e-07,931.1451066089816,0.026449673764982355,,-2.3022948,-0.20776861
9.0,0.20954135,0.00060896,-1.76e-06,931.5537518144941,0.026461373909052614,,-2.37405963,-0.23241527
10.0,0.20955347,0.00062978,1.47e-06,924.8381834124052,0.02627076937583165,,-3.04763892,-0.19452758
11.0,0.20953581,0.00060415,2.04e-06,931.2382611590391,0.02645225287715906,,-2.0549946,-0.1916434
12.0,0.20952749,0.00057344,-2.1e-07,932.5458784709459,0.02648924372391624,,-1.57984325,-0.2090796
13.0,0.20953386,0.00054368,-1.65e-06,933.0285116661364,0.026502982372809618,,-1.94674683,-0.18456404
14.0,0.20951743,0.00054805,-7.6e-07,928.8924449647708,0.026385274152413485,,-0.99758126,-0.16345705
15.0,0.20952893,0.00057105,1.82e-06,930.7018513508112,0.026436837235483426,,-1.65917476,-0.19832946
16.0,0.2095318,0.00056196,3.12e-06,929.8403016005162,0.02641235262471496,,-1.8224009,-0.19478978
17.0,0.20954156,0.00059537,2.04e-06,929.4570133277243,0.026401707367541574,,-2.38047097,-0.19964045
18.0,0.20956004,0.00061337,2.08e-06,930.0060082832485,0.026417595304702505,,-3.4413851,-0.20527772
19.0,0.20952913,0.00059803,3.59e-06,925.6353234134324,0.026292964596874028,,-1.66186088,-0.21091499
20.0,0.20953067,0.0005877,5.72e-06,920.9989168677757,0.026161217547271264,,-1.7409601,-0.22205843
21.0,0.20953242,0.00058468,7.43e-06,935.7626666868697,0.026580567783129685,,-1.86953883,-0.24224772
22.0,0.20955008,0.00059537,7.84e-06,937.4522013943936,0.026628816794138588,,-2.8933835,-0.21655226
23.0,0.20952657,0.00061826,8.27e-06,933.246001849302,0.026509081003166297,,-1.52787368,-0.173945
24.0,0.2095392,0.00062394,6.9e-06,937.4547403226538,0.02662884182506623,,-2.2644949,-0.17171631
25.0,0.20954033,0.00057964,3.13e-06,936.040648375075,0.026588637731568544,,-2.32623853,-0.20173804
26.0,0.20952759,0.00058885,1.84e-06,926.3557505936022,0.02631341619409607,,-1.57521905,-0.18482624
27.0,0.2095622,0.00060161,3.26e-06,925.4512135681977,0.026288186134716122,,-3.54753263,-0.20685091
28.0,0.20953868,0.00060701,3.45e-06,929.3298977288003,0.026398063885189386,,-2.21546277,-0.23962573
29.0,0.2095009,0.00061218,1.3e-06,929.7442571034056,0.02640938983385535,,-0.05128962,-0.1909879
30.0,0.20954597,0.00059779,5.6e-07,928.6817476067117,0.026379778672524886,,-2.63122314,-0.23949463
31.0,0.20949309,0.00058111,2.98e-06,930.2713018067859,0.026424138950969473,,0.39603788,-0.21760105
32.0,0.20952554,0.00058067,3.2e-06,928.8299904808731,0.02638362207995704,,-1.46186385,-0.21078389
33.0,0.20952749,0.00057749,3.35e-06,921.2999632244498,0.026169743960142582,,-1.56078802,-0.25653754
34.0,0.20950962,0.00060177,3.43e-06,926.6737117945669,0.026322216630112145,,-0.5495386,-0.24657399
35.0,0.20953355,0.00061226,3.75e-06,923.3410635718741,0.02622788958249685,,-1.90901007,-0.19701847
36.0,0.20950952,0.00057995,2.92e-06,926.8970842538288,0.026328509625062394,,-0.54380476,-0.23451286
37.0,0.2095892,0.000567,3.3e-07,924.9147534097694,0.02627326267973493,,-5.08522688,-0.21825655
38.0,0.20951938,0.00054591,-1.08e-06,935.448137123268,0.026571515298870144,,-1.11709465,-0.21629006
39.0,0.20948981,0.0005291,1.12e-06,936.9821766740887,0.02661460654191668,,0.58860676,-0.20685091
40.0,0.2095892,0.00052274,1.69e-06,922.5676597769456,0.026206443367897302,,-5.07229393,-0.21550347
41.0,0.2095966,0.00055234,-8e-08,918.5882497444687,0.026093615290779498,,-5.46911808,-0.23674155
42.0,0.20954803,0.00054014,5.4e-07,930.5380449926166,0.026432375677460665,,-2.75425372,-0.20186914
43.0,0.20951712,0.00055528,3.08e-06,932.9620864437758,0.026500815156349587,,-0.98423825,-0.21288148
44.0,0.20953663,0.00059048,4.78e-06,935.1924759647362,0.026564494384146906,,-2.11106161,-0.25509545
45.0,0.20952605,0.00060785,3.19e-06,936.5544259929032,0.026603119253209136,,-1.50365966,-0.20291794
46.0,0.20953375,0.00062489,8.2e-07,930.6353524811223,0.026435180556782113,,-1.93587694,-0.24041233
47.0,0.2095851,0.00062199,2.12e-06,921.8541301775317,0.026186385676228427,,-4.83499979,-0.23241527
48.0,0.20950634,0.00061758,9.1e-07,925.2910963463399,0.026282991672854254,,-0.36135755,-0.22179623
49.0,0.2095663,0.00063987,2.71e-06,923.1390038195077,0.026222675440309654,,-3.77240721,-0.21930534
50.0,0.20953201,0.0006293,2.96e-06,932.0299169350064,0.02647474214653045,,-1.8385023,-0.21550347
51.0,0.20954577,0.00060022,4.2e-07,923.7781140824218,0.02624049465193499,,-2.60563754,-0.21956754
52.0,0.20952184,0.00058178,5e-07,928.0568797861486,0.026361667367916956,,-1.24922143,-0.22074744
53.0,0.20952985,0.00057817,2.96e-06,934.0714621386492,0.02653256213031002,,-1.71838278,-0.24840938
54.0,0.20952441,0.0005649,4.02e-06,935.1514310815758,0.02656310927732911,,-1.40671255,-0.26178151
55.0,0.20951404,0.0005796,5.69e-06,924.6532426991298,0.026264779216055616,,-0.79993655,-0.25443995
56.0,0.20951404,0.00056887,7.19e-06,927.3291582980493,0.026340730397810486,,-1e-08,-0.23674155
57.0,0.20950921,0.00056482,7.86e-06,927.2228078907792,0.026337621881832605,,0.2757566,-0.23044878
58.0,0.20953047,0.00054873,5.55e-06,923.1309716588546,0.026221672484102107,,-1.02616872,-0.23634825
59.0,0.20950521,0.00054952,3.38e-06,925.1216564878985,0.026277929232881372,,0.66879891,-0.21746995
60.0,0.20951291,0.00055461,2.59e-06,930.2826692820188,0.026424658033549007,,0.09654013,-0.28367509
61.0,0.20949042,0.00058107,2.06e-06,934.5023415925496,0.02654430269188559,,1.37575629,-0.21445467
62.0,0.20950767,0.00057654,1.01e-06,923.4939062130305,0.026231844876860172,,0.18365544,-0.20658872
63.0,0.2095471,0.00058425,-9.2e-07,928.2184256766564,0.026366623367305993,,-2.09409692,-0.22035414
64.0,0.20951845,0.00057952,-7.5e-07,928.0862178671954,0.026362473540121587,,-0.2225139,-0.23254637
65.0,0.2095165,0.00056049,1.82e-06,935.8656454330968,0.026583321319152576,,-0.08942184,-0.20357343
66.0,0.209543,0.0005707,2.89e-06,932.6524632108326,0.026492410016657364,,-1.60374026,-0.21117719
67.0,0.20953673,0.00059473,-2.5e-07,927.5931017360679,0.02634874011945227,,-1.10403883,-0.24867158
68.0,0.20952431,0.00057543,-2.14e-06,939.27419805629,0.026680363952524537,,-0.31272922,-0.26466569
69.0,0.209528,0.00059005,-2.37e-06,934.8613547844312,0.026555110029308323,,-0.50199974,-0.27384264
70.0,0.20952616,0.00059434,-4e-07,937.4305057022282,0.02662803734917569,,-0.36304132,-0.26112601
71.0,0.20952934,0.00056458,-1.22e-06,929.8360709080056,0.026412290006742133,,-0.52000029,-0.2641413
72.0,0.20954875,0.00055675,-4.3e-07,933.8739481883626,0.026527207977984805,,-1.60851899,-0.2279579
73.0,0.20953663,0.00057431,2.05e-06,935.5624405289595,0.026575010686819188,,-0.82325787,-0.24290321
74.0,0.20952503,0.00057241,2.49e-06,930.4566898916557,0.02642981273709181,,-0.11032023,-0.24657399
75.0,0.20953879,0.00059446,4.85e-06,920.4978022517697,0.02614712451207982,,-0.88424291,-0.23818364
76.0,0.20952061,0.00060967,4.62e-06,924.9871667225295,0.02627445398242103,,0.18981148,-0.29416303
77.0,0.20953858,0.00057102,3.17e-06,933.6349991329456,0.026520256243060224,,-0.85104587,-0.24015013
78.0,0.20955624,0.00055051,3.93e-06,931.755606321011,0.026467033820034343,,-1.8266383,-0.24001903
79.0,0.20952944,0.00054308,3.07e-06,924.6622529808128,0.02626518670245349,,-0.2099136,-0.25902842
80.0,0.20955316,0.00055357,1.2e-06,926.4667743711958,0.026316821406140046,,-1.55627924,-0.23490616
81.0,0.20951322,0.0005562,3.68e-06,925.2913291434693,0.02628286689620305,,0.78322,-0.21615896
82.0,0.20953642,0.00056796,4.88e-06,925.4128295078874,0.026286633059990527,,-0.56912669,-0.25011367
83.0,0.20952256,0.0006024,5.19e-06,929.6766853756445,0.026407655495701756,,0.24288023,-0.27751342
84.0,0.20953386,0.00061345,4.16e-06,928.7016830548374,0.0263801597973243,,-0.4121945,-0.27292495
85.0,0.20954679,0.00061412,3.44e-06,934.0498177752323,0.026532263171958146,,-1.14554075,-0.25575094
86.0,0.20952503,0.00059223,2.5e-06,928.2046298492317,0.02636589716238457,,0.14361993,-0.24447641
87.0,0.20955018,0.00060828,1.63e-06,931.1670785175575,0.026450440431231063,,-1.3041397,-0.24408311
88.0,0.20953735,0.00061969,4.4e-07,934.2033653809638,0.02653657243596437,,-0.52973285,-0.23411956
89.0,0.20949535,0.00063959,-2.3e-07,934.5581151602479,0.026546159446667647,,1.90430857,-0.24827828
90.0,0.20955285,0.00063133,1.35e-06,932.1254711564251,0.02647776900784632,,-1.45803222,-0.24762279
91.0,0.20949823,0.000627,4.06e-06,933.2506121650672,0.026508940792689794,,1.7225149,-0.2463118
92.0,0.209547,0.00060681,1.98e-06,932.3723856679824,0.026484625077353247,,-1.12807975,-0.27947991
93.0,0.20956579,0.00060729,1.55e-06,933.983196674485,0.026530640220617442,,-2.18201641,-0.27816892
94.0,0.20952954,0.00061472,1.8e-06,931.1547232203939,0.026449830858919575,,-0.03943367,-0.24998257
95.0,0.2095277,0.00059473,6.5e-07,931.9395539429254,0.02647206637551056,,0.06767172,-0.22835119
96.0,0.20955881,0.00060355,-1.48e-06,936.8502376002741,0.026612035977471603,,-1.73006739,-0.25994612
97.0,0.20958889,0.00058564,-1.69e-06,925.8553795433074,0.026300067966599356,,-3.38605893,-0.24827828
98.0,0.20950726,0.0006123,-1.37e-06,933.4074077121363,0.026513577556871497,,1.36189147,-0.23595495
99.0,0.20948087,0.0005877,1.42e-06,934.9499927221422,0.026556921862808138,,2.8533825,-0.25443995
100.0,0.2095777,0.0005966,1.33e-06,932.4568000181646,0.026487413880698286,,-2.7817404,-0.27069626
101.0,0.20953314,0.00059168,3.47e-06,927.4294865061601,0.02634396597557216,,-0.15922424,-0.27397374
102.0,0.209543,0.00059656,4.66e-06,936.5971717248066,0.02660449940072359,,-0.72637194,-0.27174505
103.0,0.20953242,0.00058174,6.14e-06,935.2197469147121,0.026565162576425057,,-0.10060788,-0.27934881
104.0,0.20953899,0.00057288,8.68e-06,937.7512834763861,0.026637085491447308,,-0.47861202,-0.24657399
105.0,0.20947553,0.00060137,8.91e-06,932.5076953703682,0.026487373074517293,,3.17994188,-0.23608605
106.0,0.20950449,0.00062684,6.11e-06,926.1361919145522,0.02630689905791805,,1.4439234,-0.24854048
107.0,0.20950131,0.00060268,2.25e-06,932.5732394599255,0.026489707930954932,,1.60891754,-0.24119892
108.0,0.20950469,0.00058027,6.7e-07,936.3628529316253,0.026597364577183178,,1.3894621,-0.23097318
109.0,0.2095124,0.00056498,2.43e-06,932.6284456152114,0.026491314887568528,,0.91570604,-0.2463118
110.0,0.20958992,0.00055171,2.04e-06,934.5670507713086,0.026547381428102784,,-3.56457802,-0.27043406
111.0,0.20949679,0.00054368,6.5e-07,935.1008187585817,0.026561309830896156,,1.86444256,-0.24919598
112.0,0.20953529,0.00054765,1.02e-06,932.3909243544288,0.026484850397585656,,-0.38600065,-0.26741878
113.0,0.20955439,0.00054535,1.97e-06,932.0598661143763,0.026475675127253042,,-1.4763341,-0.22127183
114.0,0.20951619,0.00057578,9.3e-07,932.5238704409728,0.02648845342358481,,0.74320583,-0.28708367
115.0,0.2095316,0.00057793,5.8e-07,924.6508453942031,0.026265034376380808,,-0.15300991,-0.25234236
116.0,0.20948015,0.00056565,7.2e-07,932.8090987910803,0.02649605305281051,,2.80262627,-0.23897024
117.0,0.209478,0.0005786,9.7e-07,924.6262639367411,0.026263625722202453,,2.90088688,-0.22192733
118.0,0.20948909,0.00060423,-6.2e-07,923.6407753999861,0.026235879766888213,,2.26670158,-0.2270402
119.0,0.2095278,0.0006082,-1.45e-06,932.8127034243535,0.02649694747449208,,0.06404605,-0.21563457
120.0,0.2094858,0.00059064,-1e-06,928.1031854215263,0.026362560063782275,,2.4655508,-0.2447386
121.0,0.20953858,0.00057201,-1.52e-06,924.6524164272803,0.0262651942984686,,-0.55090495,-0.20278684
122.0,0.20949915,0.00057904,-7.9e-07,925.9515948263097,0.026301584431725925,,1.69823753,-0.25273566
123.0,0.20949422,0.00059724,1.44e-06,931.2754995507778,0.02645275214520045,,1.99082893,-0.228089
124.0,0.20949258,0.00057189,1.78e-06,932.0432089901431,0.026474460134796988,,2.08681582,-0.23988793
125.0,0.20947759,0.00060435,2.7e-06,928.196210831811,0.02636506147449564,,2.93558013,-0.24998257
126.0,0.20949206,0.00058607,4.66e-06,928.9975012190447,0.026387925035782724,,2.10938366,-0.22612251
127.0,0.20951979,0.00060796,6.39e-06,923.1770016700765,0.026222986859056708,,0.51903879,-0.2450008
128.0,0.20955614,0.00062795,4.18e-06,926.9154405703397,0.026329754107045706,,-1.55535167,-0.24867158
129.0,0.20956425,0.00062982,2.1e-06,928.1548356742611,0.02636511187187257,,-2.02150233,-0.24644289
130.0,0.20949104,0.00060642,1.62e-06,931.871545204474,0.026469662652773677,,2.17487715,-0.25024477
131.0,0.20953735,0.00059839,3.71e-06,928.5251354660907,0.026375157854496414,,-0.48270001,-0.26781208
132.0,0.20958191,0.00060646,5.45e-06,930.040160759608,0.026418771061318982,,-3.03808516,-0.26741878
133.0,0.20953016,0.00059573,3.13e-06,938.5048449650379,0.026658543603505568,,-0.0721575,-0.23818364
134.0,0.20948036,0.00059501,2.07e-06,925.2246175219719,0.02628067714985901,,2.76813767,-0.2456563
135.0,0.20957472,0.00058782,3.42e-06,928.5446425594728,0.026376181499534204,,-2.62179239,-0.2094729
136.0,0.20951774,0.00057157,3.88e-06,917.3860006345263,0.026058413563824732,,0.63188049,-0.24067453
137.0,0.20953067,0.00059636,3.96e-06,926.9440203498244,0.026330147192077782,,-0.10059737,-0.22218953
138.0,0.20956887,0.00059863,2.2e-06,930.8081331138267,0.026440453968016996,,-2.29237995,-0.21904315
139.0,0.20950346,0.00060097,3.14e-06,931.9697350916274,0.026472572134138124,,1.4616111,-0.28551048
140.0,0.2095698,0.00061051,1.78e-06,929.3832639262018,0.026400032460248732,,-2.34181508,-0.26138821
141.0,0.2095165,0.00059481,8.7e-07,921.9483335273363,0.026188111520670757,,0.70503122,-0.26086381
142.0,0.20952667,0.00059013,1.23e-06,929.4912653279974,0.026402484465254065,,0.12851747,-0.26859867
143.0,0.20953683,0.00056243,2.27e-06,924.3766515284434,0.026257239771680204,,-0.45129371,-28.16980926
144.0,0.20959413,0.00056863,4.26e-06,924.8809737229429,0.02627229784215109,,-3.71788396,-194.78511315
145.0,0.20951804,0.0005709,4.26e-06,930.7935370827147,0.02643925042782563,,0.62344591,-194.83820841
146.0,0.20958263,0.00059728,2.52e-06,928.867785744229,0.02638550844684112,,-3.07541475,-194.84961405
147.0,0.20954618,0.00062584,2.98e-06,934.0126965600662,0.026531242066978242,,-0.99388563,-194.86901677
148.0,0.20952821,0.00060375,1.87e-06,935.0483104496308,0.026560380193932604,,0.04053144,-194.90873988
149.0,0.2095394,0.00062286,-7.1e-07,927.481447684274,0.026345690264243632,,-0.59954851,-194.89733423
150.0,0.20951979,0.00064333,-2.2e-07,929.857624108339,0.026412975173119004,,0.52279927,-194.87557173
151.0,0.20951435,0.00065318,4e-06,931.2258891585525,0.026451715941403744,,0.83587037,-194.85669342
152.0,0.20950521,0.00064857,5.22e-06,933.6621128665771,0.026520759949008082,,1.36384198,-194.8833066
153.0,0.2095126,0.0006475,4.05e-06,932.1909491420181,0.02647908878398555,,0.93701071,-194.90978868
154.0,0.20949535,0.00064416,1.53e-06,928.4174120607231,0.02637171164802154,,1.92011346,-194.91857234
155.0,0.209478,0.00064627,-1.15e-06,929.3553647776063,0.02639818183388244,,2.91574893,-194.88461759
156.0,0.2094668,0.00061178,-2.86e-06,931.8296305454629,0.026468251345182534,,3.56606705,-194.85302264
157.0,0.20953026,0.00057769,-3.36e-06,935.6967242926655,0.026578853636497098,,-0.07786296,-194.82667166
158.0,0.2094668,0.00054706,-1.25e-06,935.8904040624535,0.026583384459994048,,3.58157895,-194.90270931
159.0,0.20954104,0.00054241,-1.67e-06,933.8445364770255,0.026526254006826747,,-0.69821212,-194.86455938
160.0,0.20948303,0.00053875,-1.09e-06,930.9489732361874,0.02644321502313665,,2.63212161,-194.90651119
161.0,0.20954074,0.00052938,3e-07,929.9819478648981,0.026416457838900703,,-0.67766645,-194.90782219
162.0,0.20950315,0.00051491,3.38e-06,926.6290097873103,0.02632062259287846,,1.4708107,-194.86744357
163.0,0.2095086,0.00054189,5.72e-06,929.3222916098181,0.026397226621252975,,1.16344365,-194.90690449
164.0,0.20952544,0.00057062,5.57e-06,923.3802658240784,0.02622874755194998,,0.19778855,-194.87176985
165.0,0.20948683,0.00057626,5.81e-06,927.2948442949255,0.026339443524743062,,2.40472044,-194.92263642
166.0,0.20953355,0.00056756,6.03e-06,927.5519657302278,0.02634733502780415,,-0.26501226,-194.85262934
167.0,0.20948652,0.00055735,3.38e-06,932.2633260056184,0.026480561109902732,,2.43529897,-194.91070637
168.0,0.20949556,0.0005531,1.94e-06,928.8475120251157,0.02638367142668066,,1.90923047,-194.87045886
169.0,0.20951003,0.00053279,9.9e-07,936.5089891798389,0.026601447982763482,,1.08948458,-194.89130366
170.0,0.20949843,0.00053144,3.84e-06,933.0178122621267,0.02650206916779719,,1.75250577,-194.85210494
171.0,0.20950685,0.00054797,5.01e-06,927.250459573407,0.026338383858693748,,1.26059054,-194.88828838
172.0,0.20950808,0.0005755,5.47e-06,918.41661248327,0.026087542782864806,,1.17885056,-194.90179161
173.0,0.20954844,0.00060558,4.65e-06,924.9252237372177,0.0262730486162341,,-1.11298836,-194.8607575
174.0,0.20951383,0.00060332,5.8e-06,929.5741179028811,0.026404617555841395,,0.86379194,-137.97859573
175.0,0.20950264,0.00060689,7.16e-06,930.8713054623133,0.026441300041053675,,1.50700368,40.59897842
176.0,0.20950141,0.00062282,7.04e-06,922.0325836067902,0.026190267021708773,,1.56270377,41.47105081
177.0,0.20950192,0.0006382,7.31e-06,917.3023025178935,0.02605594737052784,,1.52566909,44.88684259
178.0,0.20946947,0.00064376,6.51e-06,929.4479730927513,0.026400546469607853,,3.40406405,35.04272892
179.0,0.20947789,0.00061396,4.13e-06,923.3306920807813,0.02622686155375098,,2.90266772,27.77091419
180.0,0.20948693,0.00063578,3.15e-06,935.8893433730176,0.02658378539150438,,2.42110692,27.80342681
181.0,0.20947892,0.0006473,3.51e-06,922.6260047195744,0.026206962152955305,,2.84209377,27.82689358
182.0,0.20946937,0.00068596,5.9e-06,925.2864496301942,0.026282466992621458,,3.39469274,27.78638391
183.0,0.20939328,0.00089725,9.63e-06,925.6963156990291,0.026293619243298913,,7.7349922,27.75360909
184.0,0.20912107,0.00131526,1.808e-05,874.906463470307,0.024848522569411783,,21.96975759,27.72489834
185.0,0.20866968,0.00186263,2.879e-05,885.5234324723087,0.02514559962558681,,46.79896966,27.59353687
186.0,0.20803386,0.00234016,3.538e-05,890.9930363150953,0.02529393435131412,,81.81087421,27.43595554
187.0,0.20761163,0.00281566,4.222e-05,892.176410588447,0.025323241803948408,,104.95367569,27.29567932
188.0,0.20734928,0.00317554,4.755e-05,889.3820149221815,0.025241415328681818,,118.870734,27.18306504
189.0,0.20707645,0.00335429,5.032e-05,894.3364514178485,0.025378917464345035,,134.4093019,27.02351722
190.0,0.207025,0.00345759,5.072e-05,901.9472556381719,0.025594491563579555,,138.38094975,26.92755255
191.0,0.20699543,0.00347162,4.928e-05,890.959450004513,0.025282372888794227,,138.3001383,26.81756026
192.0,0.20701145,0.00341186,4.516e-05,898.9488373226577,0.025509208318489688,,138.66289025,26.7742975
193.0,0.20712574,0.003309,3.889e-05,905.392649541066,0.02569340226899131,,133.35252408,26.66430521
194.0,0.20721014,0.00317956,3.4e-05,902.7419263056224,0.02561902440379075,,128.31683915,26.59010302
195.0,0.20738029,0.00303037,3.02e-05,898.8389572019677,0.025510145141505288,,118.43400549,26.54893784
196.0,0.20746859,0.00289576,2.559e-05,905.0015348232263,0.02568592317185813,,114.36804468,26.4841748
197.0,0.20757939,0.00272924,2.357e-05,911.4596604137977,0.025870261152993262,,109.01729276,26.45035119
198.0,0.20768762,0.00261021,2.366e-05,914.7636184941452,0.025965140165626153,,103.36396261,26.40695733
199.0,0.2078476,0.00250476,2.357e-05,914.9603241412225,0.025972548304271304,,94.43872525,26.35884389
200.0,0.20795891,0.00240575,2.235e-05,915.1674422740783,0.025979647295162875,,88.22926142,26.34638946
201.0,0.20812453,0.0023067,2.54e-05,912.517044446635,0.025906255714678847,,78.72324227,26.31059936
202.0,0.20820278,0.00215807,3.169e-05,917.591147309816,0.026050813459109232,,74.76308154,26.28005323
203.0,0.20831604,0.0020415,3.842e-05,915.8654685736653,0.026002864430609247,,68.26667332,26.28097092
204.0,0.20838524,0.00191635,4.704e-05,915.0702927007305,0.025980691724223216,,64.32482173,26.27323607
205.0,0.20848331,0.00178647,5.819e-05,916.1786607790287,0.02601288318884592,,58.89317628,26.22486043
206.0,0.20853588,0.00167609,6.983e-05,922.3145428634643,0.02618726753768573,,56.31255124,26.22171405
207.0,0.20859133,0.0015921,8.379e-05,923.4310917256133,0.026219206222529663,,53.23861123,26.24006795
208.0,0.20864452,0.00155241,9.714e-05,927.8578444468558,0.026345238273824446,,50.46482027,26.2127993
209.0,0.20872759,0.00149675,0.00010767,922.4286609441073,0.02619182849313265,,45.46558445,26.13466413
210.0,0.20876959,0.00144756,0.00011514,918.4178131521603,0.026078218859677448,,42.89926891,26.16271938
211.0,0.20880758,0.00138717,0.00012551,923.050083108221,0.026209889212512737,,40.96152284,26.10962417
212.0,0.20882832,0.00136238,0.00013301,917.6295057288326,0.02605603538724473,,39.55169301,26.09127027
213.0,0.20885163,0.00130238,0.00013804,915.2101608151673,0.02598738464936147,,38.13672922,26.10306921
214.0,0.20888048,0.00126706,0.00014284,922.8751425668368,0.026205224176727628,,36.82008262,26.07291637
215.0,0.20887607,0.00120031,0.00014764,915.967506132201,0.026008749366727674,,36.79255554,26.08287992
216.0,0.20892187,0.00115665,0.00015177,921.8944176789564,0.026177448597406672,,34.43646902,26.09349896
217.0,0.20896735,0.00112955,0.00015741,919.9944734728609,0.026123916421779712,,31.79359409,26.05233379
218.0,0.20895585,0.00112844,0.00016383,920.1700566631059,0.026128626324001123,,32.44985728,26.08419091
219.0,0.20899097,0.00109737,0.00016938,926.5707465444465,0.026310650283652693,,30.67554669,26.02952251
220.0,0.20901069,0.00107631,0.00016938,923.3429321473218,0.02621919639747222,,29.44969256,26.01182411
221.0,0.20897526,0.00105395,0.000167,916.486048449008,0.02602400796789578,,31.22653672,26.00094287
222.0,0.20905094,0.00104302,0.00016741,918.5292665108597,0.026082982152671207,,27.02321756,25.96436617
223.0,0.2090152,0.00103583,0.00016669,917.986230979931,0.026067086732486713,,29.02382784,25.98075358
224.0,0.20903862,0.00101767,0.00016426,918.8741045136554,0.02609260244192342,,27.72944072,26.00028737
225.0,0.20905268,0.00101139,0.00016031,920.5816644210407,0.026141333276910185,,26.98484897,25.99268362
226.0,0.20901387,0.00104099,0.00015705,924.1415290523865,0.026242052105766158,,29.29449026,25.99019273
227.0,0.20906264,0.00104127,0.00015234,921.2851535276506,0.026161674264794477,,26.4415219,25.99294582
228.0,0.20909612,0.00101807,0.00015039,920.1659022833364,0.026130304230964387,,24.51533902,25.94928976
229.0,0.20907117,0.00102582,0.00014736,925.4923993022928,0.026281311990036554,,26.07733864,25.98691525
230.0,0.20906418,0.00099745,0.0001446,933.4338030514664,0.02650670555360773,,26.70182443,25.96226858
231.0,0.20909314,0.00096936,0.00014534,925.3680814209423,0.026277954541413667,,24.82335308,25.9407683
232.0,0.20910115,0.0009512,0.00014804,911.28908924374,0.025878153451697382,,23.99674671,25.91507285
233.0,0.20908677,0.00094914,0.00014877,915.9127733757609,0.0260092460747201,,24.92816336,25.85961785
234.0,0.20912857,0.00096721,0.00014637,926.1355182072423,0.026300190800511162,,22.82619124,25.90340501
235.0,0.20908411,0.00098791,0.00014457,927.5851728388088,0.026340860367029737,,25.39830828,25.89435916
236.0,0.20910947,0.00099042,0.00014371,920.509688172542,0.026140292761868373,,23.76888795,25.85502938
237.0,0.20911789,0.00100373,0.00014163,924.8202367139047,0.02626288964125302,,23.4013579,25.88609991
238.0,0.20906408,0.00098811,0.00014393,924.6412788444007,0.026257009992757617,,26.45612996,25.88492001
239.0,0.20913401,0.00097146,0.00014527,927.1122872311453,0.02632803362218098,,22.53996674,25.85568487
240.0,0.20916564,0.00098827,0.00014298,923.4963279739279,0.026225854880462647,,20.65559035,25.86630392
241.0,0.20914664,0.00095891,0.0001414,929.5297710981879,0.026396891798704324,,21.87667091,25.86328863
242.0,0.20915064,0.00091795,0.00014247,911.0461210774768,0.025871911575489973,,21.21713095,25.82644974
243.0,0.20917282,0.00091632,0.00013921,920.5760279182392,0.026142890819950172,,20.18312334,25.84244385
244.0,0.20917406,0.0009152,0.0001389,921.9639379073475,0.026182324359599322,,20.14366813,25.82671193
245.0,0.20915834,0.00091294,0.00013764,929.7966786917549,0.0264045710050629,,21.21341009,25.81268431
246.0,0.20920301,0.00090396,0.00013659,923.9927154350822,0.026240333091942267,,18.54193516,25.80744034
247.0,0.20920825,0.00089105,0.00013582,923.5103862374665,0.026226683571968962,,18.23467929,25.80258967
248.0,0.20920845,0.00086856,0.00013636,919.6036331500966,0.02611566674222448,,18.14587064,25.80888243
249.0,0.20920825,0.00082899,0.00013451,926.6628219291,0.026316062553090568,,18.296822,25.77636981
250.0,0.20923248,0.00082219,0.00012959,934.917719510594,0.02655089006524522,,17.06580915,25.82264786
251.0,0.20922458,0.00085116,0.00012706,930.163581607305,0.026415900424504223,,17.43165855,25.78659556
252.0,0.20924501,0.00085847,0.00012783,917.2734689162888,0.026050104407189804,,16.03669761,25.79577251
253.0,0.20922694,0.00084436,0.00012847,927.1766337981035,0.02633105904015689,,17.24091132,25.7784674
254.0,0.20926401,0.00083177,0.0001276,926.7249846041041,0.026318704372839223,,15.11849295,25.78410467
255.0,0.20925528,0.00082625,0.00012784,930.9498878427388,0.026438554476444293,,15.6874671,25.76929045
256.0,0.20925764,0.00081572,0.00012802,927.2418846058785,0.026333247510089267,,15.49019463,25.7789918
257.0,0.20927581,0.00082438,0.00012786,924.1455283379012,0.02624557881648097,,14.40475625,25.81124222
258.0,0.20926637,0.00084838,0.00012714,924.3795567614145,0.026252180616642758,,14.94590161,25.76915935
259.0,0.20931196,0.0008661,0.00012492,928.9021145917496,0.026381315601252106,,12.41235373,25.77650091
260.0,0.20926626,0.00085756,0.00011937,923.215185897415,0.026219283935448912,,14.93300807,25.74661028
261.0,0.20928239,0.00084703,0.00011371,921.9705644308553,0.026184227008046287,,13.99811186,25.74359499
262.0,0.20928208,0.00080344,0.00011258,919.052655056751,0.0261012552636833,,13.97118295,25.71698184
263.0,0.20935437,0.00078846,0.00011111,929.4461137877261,0.026397375564495916,,9.99298662,25.69390837
264.0,0.20928793,0.00079752,0.00010771,926.0101001879817,0.026299001429341495,,13.7433888,25.72524109
265.0,0.20930611,0.00078079,0.00010154,923.2927642157589,0.0262221383859358,,12.67015789,25.73192716
266.0,0.20930508,0.00075457,9.361e-05,920.4527926131673,0.026141545661336016,,12.68940432,25.7058384
267.0,0.20935858,0.00073089,8.81e-05,930.3113344745706,0.02642228446537992,,9.76123802,25.70924698
268.0,0.20928957,0.00072978,8.561e-05,934.9586779690524,0.026553401359239295,,13.78177263,25.71789954
269.0,0.209348,0.00070833,8.192e-05,928.3042493220307,0.02636519552633134,,10.34471759,25.75840921
270.0,0.20932377,0.000697,7.753e-05,921.782721818552,0.02617970829009213,,11.64733147,25.73022287
271.0,0.20933599,0.00072521,7.603e-05,927.8996418253894,0.026353704256084173,,11.02662473,25.72288131
272.0,0.20931134,0.0007187,7.247e-05,934.635918168484,0.026544746183462614,,12.5246994,25.70098773
273.0,0.20934738,0.00067904,6.768e-05,923.1982524938056,0.026220358910159572,,10.32291256,25.67988075
274.0,0.20934441,0.00067261,6.397e-05,926.2201107948223,0.026306198294729313,,10.52654047,25.70780489
275.0,0.20938723,0.00069136,6.3e-05,921.2681891930453,0.026166187290026836,,8.04124587,25.69666145
276.0,0.20937531,0.00068604,5.988e-05,916.6370149670665,0.0260345395853976,,8.67319587,25.6699172
277.0,0.20942286,0.0006912,5.483e-05,921.6464499000156,0.02617755254248532,,6.02208192,25.65877376
278.0,0.20940027,0.0007065,4.982e-05,925.213391792781,0.02627870431507731,,7.33271465,25.67568557
279.0,0.20943425,0.00071313,4.632e-05,923.8361921688714,0.026240119474646866,,5.38785405,25.68564911
280.0,0.20937121,0.0006908,4.478e-05,924.5775080468743,0.026260313156322358,,8.98227873,25.6886644
281.0,0.20942727,0.00067336,4.271e-05,935.6080395670732,0.026574345766967898,,5.85889848,25.64317295
282.0,0.20939944,0.00068047,3.894e-05,927.7677926723202,0.026351380861223787,,7.39993464,25.68591131
283.0,0.20939657,0.00065965,3.53e-05,924.0781779271957,0.026246558680508056,,7.53413606,25.69128638
284.0,0.20941854,0.00063216,3.304e-05,923.931662766618,0.026242653336809155,,6.28249885,25.63910887
285.0,0.20943477,0.00064269,3.273e-05,932.1281645846515,0.026475711108037127,,5.40674766,25.72235691
286.0,0.20946044,0.00066244,3.308e-05,929.599792024631,0.026404284136579425,,3.92205679,25.69430167
287.0,0.20946249,0.00067535,3.291e-05,921.3324073500833,0.0261695235092473,,3.77061694,25.63858447
288.0,0.20945366,0.00066307,3.067e-05,917.485224888719,0.026060141456189536,,4.25400112,25.66218234
289.0,0.20947584,0.00067749,2.79e-05,920.916447724569,0.026157984103100676,,3.0115689,25.66781961
290.0,0.20946988,0.00068234,2.883e-05,919.8524108943095,0.02612767862752426,,3.34560346,25.66047805
291.0,0.20945838,0.00065485,2.581e-05,928.7803088652983,0.02638109795970134,,4.03612308,25.67594777
292.0,0.20943959,0.00064654,2.68e-05,923.7096141945558,0.026236781162137058,,5.08333902,25.65811827
293.0,0.20944842,0.00064007,2.841e-05,927.2587711052057,0.02633765837851251,,4.59845084,25.63006302
294.0,0.20947276,0.00063756,2.674e-05,932.2986622554307,0.026481158247980495,,3.22571999,25.6513011
295.0,0.20951127,0.00067455,2.576e-05,925.1397097216261,0.02627844166793069,,1.00601009,25.62652334
296.0,0.20944709,0.00066132,2.569e-05,925.7261425648153,0.026294218760251988,,4.66699329,25.64579493
297.0,0.20952472,0.00063955,2.399e-05,923.9664322649185,0.026245228807398185,,0.2388398,25.6330783
298.0,0.20952595,0.00061075,2.142e-05,930.1312805521728,0.026420326544017818,,0.16980452,25.62717884
299.0,0.20947451,0.00060538,2.164e-05,933.4145862157048,0.026512886521792876,,3.12919673,25.64356625
300.0,0.20950932,0.00059096,2.114e-05,922.9871024256616,0.026217129121946417,,1.11462527,25.62888313
301.0,0.20954166,0.00058349,1.838e-05,919.894790375698,0.02612974775332151,,-0.72270357,25.63111182
302.0,0.20951311,0.00056506,1.822e-05,928.4410000124407,0.026372079195162317,,0.9038505,25.62704774
303.0,0.20949268,0.00055616,2.038e-05,925.3582432679162,0.02628417995445259,,2.06596253,25.597026
304.0,0.2095089,0.00059156,1.922e-05,920.9438751825493,0.026159124395624223,,1.1354679,25.63124291
305.0,0.20949011,0.00061353,1.839e-05,927.0159562292068,0.02633142871584031,,2.2163055,25.61039813
306.0,0.20948313,0.00061826,1.81e-05,930.7879112256685,0.02643849547183496,,2.62576303,25.62285256
307.0,0.20948847,0.00063113,1.65e-05,921.6839777826283,0.026180039129359515,,2.29686547,25.60646515
308.0,0.20948734,0.00061921,1.399e-05,923.736903646489,0.026238351522929946,,2.36626935,25.60725175
309.0,0.20951815,0.00059382,1.511e-05,925.2538352251681,0.026281753473537554,,0.61387738,25.64540164
310.0,0.20951435,0.00058285,1.63e-05,916.5397851912472,0.026034129761306878,,0.82267471,25.6520877
311.0,0.20944401,0.00061754,1.492e-05,922.1047525242923,0.026191400286697596,,4.82373279,25.61485551
312.0,0.2095357,0.00062815,1.103e-05,931.4561046662086,0.02645833415662117,,-0.38991114,25.6157732
313.0,0.20946639,0.00060423,9.29e-06,931.6208912155009,0.026462063417974607,,3.58880818,25.61184022
314.0,0.20955408,0.00058413,7.79e-06,930.9236008964132,0.026443391209223593,,-1.44423387,25.61669089
315.0,0.20944678,0.00058258,8.31e-06,926.5188844814119,0.02631684464534049,,4.68859199,25.67122819
316.0,0.20945725,0.00059903,1.069e-05,924.1718639009104,0.026250317739694305,,4.08042456,25.59178203
317.0,0.20949966,0.0005852,1.024e-05,920.9052918772675,0.02615805968890425,,1.65983679,25.6162976
318.0,0.2095239,0.00057705,1.178e-05,914.8583255625792,0.025986561534974622,,0.28279843,25.63189841
319.0,0.20944278,0.00059811,1.143e-05,911.143281454263,0.025880047950295682,,4.83555313,26.56820944
320.0,0.20947307,0.00062803,9.55e-06,928.4515131828628,0.02637218854432341,,3.19482469,36.88139643
321.0,0.20946896,0.00064559,8.06e-06,928.8456156749955,0.026383405556484853,,3.43123517,-148.16501503
322.0,0.2095316,0.00063395,7.2e-06,922.2044510854382,0.02619557239271863,,-0.15260528,-194.74198145
323.0,0.20945725,0.0006171,9.23e-06,927.447211896536,0.0263434289934155,,4.09489801,-194.8616752
324.0,0.20951178,0.00062068,8.84e-06,929.8063226131629,0.026411176347505845,,0.98167466,-194.85826661
325.0,0.20950706,0.00061456,8.24e-06,927.3802572424053,0.026342196136301912,,1.24903716,-194.95541127
326.0,0.20948703,0.00062922,7.98e-06,932.4585452576067,0.02648622476861529,,2.4063221,-194.87976692
327.0,0.20950849,0.00063371,4.15e-06,936.0042278028224,0.026587310693597196,,1.17774404,-194.93246887
328.0,0.20951856,0.00062012,3.89e-06,930.8769903948117,0.026441771465792546,,0.59405362,-194.87688273
329.0,0.20945951,0.00063435,2.67e-06,930.5017422163863,0.02643039368699393,,3.97891366,-194.90008732
330.0,0.2094895,0.00064972,8.6e-07,934.0966065879064,0.026532979870403074,,2.26873011,-194.90873988
331.0,0.20949432,0.00062851,-3.8e-07,927.8296092755428,0.026354994590298015,,1.97760124,-194.88802618
332.0,0.20947276,0.00059338,2.54e-06,926.2836464552726,0.026310644904776977,,3.20494947,-194.90900208
333.0,0.20950469,0.00057042,5.37e-06,931.861640150459,0.026469390476978702,,1.39068126,-194.86901676
334.0,0.20948457,0.00056303,6.74e-06,940.9771873034672,0.026727999736658504,,2.57116879,-194.85918431
335.0,0.20951815,0.00054396,7.63e-06,934.5022127772089,0.026544457376633596,,0.6200135,-194.92145652
336.0,0.20949412,0.00054396,6.83e-06,931.8075553960675,0.026467612683305355,,1.99784289,-194.90782219
337.0,0.20949946,0.00051543,4.33e-06,927.7871456598568,0.02635345375109611,,1.68397587,-194.92499621
338.0,0.20952831,0.00054277,1.79e-06,933.0967797068076,0.026504779507604773,,0.034542,-194.89982512
339.0,0.20952831,0.00056347,1.78e-06,932.999015429703,0.026502060259702663,,0.03453846,-194.73529539
340.0,0.20951332,0.00056839,9.2e-07,926.5410616844682,0.02631845297803637,,0.89028703,-140.1949606
341.0,0.20946013,0.00056645,5.9e-07,919.3131958031648,0.026112450362231098,,3.89615532,-0.95228139
342.0,0.20952349,0.00062016,1.7e-06,930.5919643472259,0.026433782410920502,,0.31122002,-0.54495594
343.0,0.2095547,0.00061305,2.98e-06,936.7849059367314,0.026610066236704786,,-1.48890888,-0.49946449
344.0,0.20951291,0.00063844,3.8e-06,925.0105964699945,0.02627511312794818,,0.91223338,-0.46891836
345.0,0.20950983,0.0006473,5.12e-06,925.4914406525812,0.026288730440114615,,1.08838911,-0.41962504
346.0,0.20949792,0.0006266,4.95e-06,928.4668821052114,0.026373036998222528,,1.77334619,-0.43234167
347.0,0.2094859,0.0006082,9.4e-07,931.0363953355594,0.026445890220436336,,2.4674537,-0.40218883
348.0,0.20952677,0.00060173,-4.9e-07,926.8398130375767,0.026327235234480755,,0.12228616,-0.37845986
349.0,0.20948128,0.00063276,2.4e-07,929.8946916580971,0.02641348071759573,,2.72917695,-0.38265504
350.0,0.20951548,0.00061218,2.1e-06,926.3282237384584,0.026312534252813758,,0.76699594,-0.35656629
351.0,0.20951835,0.00061226,3.72e-06,919.7067688628077,0.026124457708717522,,0.59856403,-0.35027352
352.0,0.20946598,0.00064368,2.05e-06,932.3947519427322,0.026484287229489183,,3.61541682,-0.30661746
353.0,0.20949781,0.00061802,1.74e-06,933.5968289406578,0.02651878894881921,,1.78905375,-0.32903544
354.0,0.20953591,0.00061949,4.59e-06,927.0559758948713,0.02633344832808592,,-0.39980396,-0.35840167
355.0,0.2094936,0.00062549,3.88e-06,926.6213416216041,0.02632057489850867,,2.01605812,-0.33401721
356.0,0.20950726,0.00060208,2.31e-06,932.2913455414672,0.026481776820924747,,1.24385751,-0.36521884
357.0,0.20950182,0.00061234,-1.34e-06,929.6985397124785,0.026408154216224593,,1.55217457,-0.38803011
358.0,0.20952492,0.00058814,1.8e-06,928.9073201048186,0.02638585783045557,,0.2283635,-0.35617299
359.0,0.20949432,0.00057173,1.36e-06,916.9761771523359,0.02604651493107199,,1.95445382,-0.37688667
360.0,0.20949319,0.00055933,6.8e-07,925.3805539541124,0.02628520331207667,,2.03676845,-0.36954511
361.0,0.20957431,0.00058031,-4e-08,931.8317361189253,0.02646959434376966,,-2.60748643,-0.35591079
362.0,0.20951558,0.00056692,2.66e-06,931.6509520043875,0.026463592300697798,,0.76550406,-0.353551
363.0,0.20954371,0.00056629,2.39e-06,941.5229967656849,0.026744388274590865,,-0.85886963,-0.34699604
364.0,0.20953047,0.0005885,-4.3e-07,930.0521166290395,0.02641849303617029,,-0.08916405,-0.35145341
365.0,0.20952092,0.00058647,1.2e-07,928.920840791448,0.026386216457061504,,0.45761147,-0.35171561
366.0,0.20946783,0.00056645,4e-07,933.9655468856062,0.026528746142828682,,3.51513175,-0.33257512
367.0,0.20956127,0.00056442,7.42e-06,933.962969009087,0.026529773798175792,,-1.86271005,-0.34765153
368.0,0.20951948,0.00054753,3.39e-06,934.1797105853099,0.026535405631373056,,0.54295627,-0.33454161
369.0,0.20951722,0.00058631,5.1e-06,929.2213490791854,0.026394608158871236,,0.66943181,-0.3362459
370.0,0.20953314,0.0005972,4.26e-06,925.6058349896216,0.026292164726690378,,-0.24102795,-0.36430114
371.0,0.20949761,0.00056883,7.02e-06,922.0820266141664,0.0261914735643401,,1.77864012,-0.38304834
372.0,0.20948046,0.00057749,1.084e-05,927.9518988856775,0.026357930405483624,,2.77040389,-0.34856923
373.0,0.20950932,0.00060427,5.18e-06,931.4401121716555,0.026457576002423974,,1.12484791,-0.32103838
374.0,0.20950932,0.00061849,3.3e-06,935.3565167193276,0.02656889730059403,,1.12958076,-0.32667565
375.0,0.20950192,0.00059136,4.1e-07,934.3191228750117,0.02653931154284385,,1.55397182,-0.34725824
376.0,0.20945643,0.00057674,4.16e-06,939.6864967364992,0.026691050265854003,,4.19648917,-0.36915182
377.0,0.20951825,0.00060705,3.39e-06,936.9286192913768,0.02661363833180983,,0.61570077,-0.34004778
378.0,0.20952852,0.00055576,2.77e-06,931.579945977551,0.02646171369596072,,0.02269584,-0.34581614
379.0,0.20952605,0.00057864,1.48e-06,931.7349379204427,0.026466171765012415,,0.16420325,-0.33270622
380.0,0.20950603,0.00054372,1.42e-06,932.7374175455552,0.026494285951075513,,1.31526646,-0.34804483
381.0,0.20950777,0.00055711,3.21e-06,930.1251552540609,0.02642011095450124,,1.21153462,-0.32929764
382.0,0.20948108,0.00047562,3.1e-06,922.7609268683948,0.02621035834499606,,2.71986525,-0.34634054
383.0,0.20952461,0.00054833,1.1e-06,926.129717796883,0.026306858616491156,,0.24526109,-0.32759335
384.0,0.20953211,0.00057896,-4.1e-07,923.1086277641142,0.026221255422139673,,-0.18196251,-0.36377675
385.0,0.2094973,0.00054555,2.34e-06,928.849903640265,0.026383733814184615,,1.80932717,-0.3366392
386.0,0.20958078,0.00059303,4.19e-06,929.1636343325682,0.02639384431472636,,-2.97052683,-0.35695958
387.0,0.20956559,0.00056045,4.88e-06,924.5737344954948,0.026263161030489122,,-2.08975613,-0.39130759
388.0,0.2095126,0.00059001,5.07e-06,930.9688576089447,0.026444195957179815,,0.93577597,-0.36115476
389.0,0.20953273,0.00059358,3.5e-06,931.5385274820917,0.02646068402486782,,-0.21899326,-0.3366392
390.0,0.20951086,0.00062052,5.4e-06,932.1350295179659,0.02647737650766737,,1.03721834,-0.33231292
391.0,0.20952841,0.00066156,6.62e-06,936.6719930300416,0.026606574247413844,,0.02874737,-0.34489845
392.0,0.20951702,0.00058301,5.46e-06,935.0157016932878,0.026559178450974667,,0.68543869,-0.36954511
393.0,0.20960635,0.00057002,3.33e-06,932.4051588366317,0.02648621444950969,,-4.45050369,-0.36862742
394.0,0.20947153,0.00056617,1.93e-06,929.4255419126437,0.026399808910803187,,3.28637031,-0.33808129
395.0,0.20950182,0.00067531,4.41e-06,931.870650180933,0.02646991813905418,,1.55580481,-0.36980731
396.0,0.20954946,0.00072704,6.61e-06,936.5844100307901,0.026604549691046742,,-1.18630447,-0.31907189
397.0,0.20951774,0.00071091,6.49e-06,923.5630663341251,0.026234207715765137,,0.63614325,-0.34280086
398.0,0.20950439,0.00060542,6.29e-06,924.7669366528694,0.026267941573997488,,1.39765125,-0.30412658
399.0,0.20955747,0.00065552,6.56e-06,929.8053402036585,0.02641189252866311,,-1.63670291,-0.34883143
400.0,0.20952092,0.00057701,7.18e-06,930.0794557772963,0.026418966197612786,,0.45817945,-0.32418476
401.0,0.20953509,0.00063085,9.3e-06,922.437815540232,0.02620219869478438,,-0.35111243,-0.32339817
402.0,0.20955614,0.0005705,7.37e-06,927.9511046579973,0.026358953310825554,,-1.55707653,-0.34778263
403.0,0.20955521,0.00058432,6.12e-06,928.155099789637,0.026364797671694147,,-1.5045555,-0.33690139
404.0,0.20949874,0.00056303,8.18e-06,930.5378464705269,0.02643163539461274,,1.73018525,-0.3544687
405.0,0.20954115,0.00057662,8.91e-06,930.7340756515805,0.026437794322529195,,-0.70177371,-0.37701777
406.0,0.20956035,0.00058039,8.65e-06,926.3529474087238,0.02631361520501227,,-1.79476842,-0.30216009
407.0,0.20950675,0.00057729,8.17e-06,935.1656774529317,0.026563233972648585,,1.2772693,-0.33073973
408.0,0.20950315,0.00057777,8.33e-06,922.6836700875496,0.02620863556348632,,1.4645528,-0.34057217
409.0,0.20953499,0.00059847,6.44e-06,931.4032280358779,0.026456828105625073,,-0.34863038,-0.33781909
410.0,0.20947594,0.00062906,5.16e-06,936.0537853148977,0.02658825262662377,,3.05518373,-0.36377675
411.0,0.20952195,0.00058822,4.2e-06,930.162687960462,0.026421432009092517,,0.39936334,-0.33309951
412.0,0.20954813,0.00054563,1.12e-06,924.1983975803,0.026252300415635192,,-1.094563,-0.33913008
413.0,0.20953889,0.00058941,-1.32e-06,928.9975064858677,0.026388667126191565,,-0.57113162,-0.31553221
414.0,0.20952164,0.00057713,-1.16e-06,924.4744077043881,0.02625992248256576,,0.41447184,-0.30255338
415.0,0.2095124,0.00057102,-5.5e-07,938.7113925749984,0.026664175337552803,,0.95543987,-0.30661746
416.0,0.20950942,0.00055929,-1.19e-06,938.3275676721472,0.026653212504875946,,1.12722821,-0.31618771
417.0,0.20953961,0.00056065,-9.7e-07,934.8682827674739,0.02655535235127599,,-0.61615201,-0.31291023
418.0,0.20953581,0.00056072,-6e-07,936.268549148726,0.02659507004664748,,-0.39785111,-0.32693785
419.0,0.20949627,0.00055127,5.2e-07,928.8379177206863,0.02638343028748764,,1.86807509,-0.34909363
420.0,0.20953478,0.0005643,4.08e-06,932.0074536263961,0.026473938765171706,,-0.33706011,-0.35119121
421.0,0.20952102,0.00060324,5.98e-06,935.1337136894181,0.02656263019757709,,0.45475365,-0.35053572
422.0,0.2095278,0.00058031,8.05e-06,928.6270227915826,0.02637779315292794,,0.06375804,-0.32693785
423.0,0.20952174,0.00060908,9.24e-06,928.925212979634,0.02638624022498963,,0.4105875,-0.32916654
424.0,0.20951589,0.00061841,9.97e-06,921.6947268166273,0.026180792485751853,,0.73982715,-0.32942874
425.0,0.20953889,0.00059394,1.095e-05,933.8615199099166,0.02652660947133429,,-0.57411712,-0.34594724
426.0,0.20952256,0.00055941,1.033e-05,930.2042133331986,0.026422422697978454,,0.36406156,-0.3355904
427.0,0.20955706,0.00055171,6.79e-06,936.083734768523,0.026589936028541806,,-1.62403905,-0.30609306
428.0,0.20951989,0.00052282,3.97e-06,931.3012533098556,0.026453568698563135,,0.51770974,-0.31644991
429.0,0.20954063,0.00052052,4.41e-06,936.6116920661407,0.02660467281089053,,-0.67656765,-0.38475263
430.0,0.20951003,0.00050896,6.85e-06,932.5859433060131,0.026489835823980106,,1.08491344,-0.34175207
431.0,0.20955254,0.00051019,5.98e-06,929.8420483464812,0.026412478373711877,,-1.35427651,-0.33939228
432.0,0.20952123,0.00051885,5.41e-06,926.1451641058514,0.026307089542553664,,0.43865794,-0.32064508
433.0,0.20953191,0.00054316,6.04e-06,932.4396031798277,0.026486079780448143,,-0.17199922,-0.3362459
434.0,0.20954721,0.00056772,3.05e-06,929.1431277190757,0.026392770082488054,,-1.04749896,-0.36063036
435.0,0.20951681,0.00058512,1.08e-06,931.0968920239806,0.02644795119734601,,0.69435152,-0.36154806
436.0,0.20954207,0.0005699,5.4e-07,921.1417356837775,0.026165472703526836,,-0.74700888,-0.33454161
437.0,0.20950952,0.00056887,-1.3e-07,927.1745019919839,0.02633641708877132,,1.1079635,-0.34830703
438.0,0.20954392,0.00057344,1.15e-06,932.9272161042499,0.02650026762953407,,-0.86283782,-0.32352927
439.0,0.20952585,0.00060808,2.49e-06,926.6797625069743,0.026322637683759104,,0.17504065,-0.3171054
440.0,0.20953139,0.00061547,2.29e-06,929.8222448190571,0.02641199845121838,,-0.14209808,-0.34673384
441.0,0.2095354,0.00062036,2e-07,930.4255634994254,0.026429242493100975,,-0.37181865,-0.31382792
442.0,0.20951537,0.00060216,-1.61e-06,931.6623292545987,0.026464092215353806,,0.77730905,-0.38003306
443.0,0.20952995,0.00056132,-1.51e-06,933.2157589260797,0.026508295701629377,,-0.05993994,-0.34044107
444.0,0.2094783,0.00053931,-2.93e-06,932.4629663509676,0.026486193393930837,,2.907772,-0.30648636
445.0,0.20953848,0.00053013,-3.98e-06,936.0300876451352,0.026588311564211337,,-0.55175874,-0.31592551
446.0,0.20951445,0.0005579,-4.92e-06,937.9205403955062,0.02664178589553687,,0.83594173,-0.30753516
447.0,0.20951507,0.00055914,-1.82e-06,919.500277445971,0.026118508326338656,,0.78461326,-0.38580142
448.0,0.20957349,0.00056756,9.3e-07,929.6895262204483,0.0264086781042433,,-2.55441193,-0.34922473
449.0,0.20953088,0.00059028,8.8e-07,931.1911281444335,0.026450832437237684,,-0.11284375,-0.33231292
450.0,0.20956846,0.00058762,5.22e-06,929.4589291375687,0.026402035086043,,-2.26551855,-0.35997487
451.0,0.20955111,0.000573,7.21e-06,934.5734027647874,0.02654700647567866,,-1.27837072,-0.37072501
452.0,0.20950644,0.00054992,5.11e-06,933.5417659664585,0.02651708536159771,,1.29277088,-0.34752044
453.0,0.20958756,0.00052894,2.5e-06,926.1809994976941,0.026309063976813107,,-3.34789349,-0.3542065
454.0,0.20956846,0.00052159,3.56e-06,923.51421949052,0.0262330204967942,,-2.25101568,-0.33152632
455.0,0.20949864,0.00051289,1.3e-06,926.2834844311226,0.026310782592931056,,1.72813509,-0.38514593
456.0,0.20954751,0.00052393,-5.8e-07,933.4333092971732,0.026514586488505246,,-1.07005537,-0.32969093
457.0,0.20949884,0.00054622,-1.39e-06,929.6825900614324,0.026407479446981276,,1.72272178,-0.30740406
458.0,0.20952913,0.00053784,-5e-07,926.563240807146,0.026319233908588074,,-0.01260607,-0.35564859
459.0,0.20957339,0.00056637,-1.88e-06,926.7665522731718,0.02632569719717757,,-2.5405198,-0.35512419
460.0,0.2095777,0.00058448,-2.76e-06,930.5702368843843,0.026433868556071646,,-2.79833299,-0.32261157
461.0,0.20950613,0.00059549,-2.77e-06,933.0301338291746,0.026502826092237527,,1.30978673,-0.35027352
462.0,0.20953283,0.00057908,-1.72e-06,935.3579489342221,0.026569237155224825,,-0.22581073,-0.34529175
463.0,0.20947143,0.00056168,-2.74e-06,935.074181443589,0.02656033112507215,,3.31226858,-0.34293196
464.0,0.20952359,0.00053943,-2.28e-06,935.6847972483454,0.026578298643638424,,0.30700065,-0.35643519
465.0,0.20950202,0.00055385,2.4e-07,934.9242470928873,0.0265564001190346,,1.5490569,-0.32785554
466.0,0.20952461,0.00054177,-3e-08,933.6624053127093,0.026520829170535345,,0.24725597,-0.4074328
467.0,0.20953807,0.00053999,1.67e-06,929.8799980802036,0.026413529885348553,,-0.52459369,-0.34214536
468.0,0.20957298,0.00056664,1.68e-06,931.615403350453,0.02646336075485427,,-2.53021923,-0.36246575
469.0,0.20954762,0.00057098,7.6e-07,927.0772729381458,0.02633414643420819,,-1.06864036,-0.36167916
470.0,0.2095277,0.00055055,1.61e-06,931.3557361594976,0.02645534181901696,,0.06983907,-0.33755689
471.0,0.20952369,0.0005608,1.4e-06,928.8312350113275,0.02638361229110481,,0.29887436,-0.34856923
472.0,0.20956918,0.00057217,2.7e-06,925.0180977061865,0.026275904368663273,,-2.2956771,-0.33270622
473.0,0.20959731,0.00054583,3.58e-06,920.5734179851181,0.026149928708795844,,-3.88120546,-0.32654455
474.0,0.20951548,0.00053279,2.69e-06,930.0083707010065,0.026416838174439135,,0.77003633,-0.36390784
475.0,0.20956764,0.00052679,5.02e-06,931.2608632671609,0.026453044618137203,,-2.2227439,-0.3538132
476.0,0.2095318,0.00055397,7.46e-06,931.9024788607074,0.026470824102587373,,-0.16600306,-0.33729469
477.0,0.20955778,0.00059346,8.16e-06,930.9445639380182,0.02644405446215254,,-1.65637115,-0.30871505
478.0,0.20954946,0.00060936,5.54e-06,931.3289850492765,0.026454958236525723,,-1.17963415,-0.30950165
479.0,0.20952451,0.00060987,5.74e-06,928.8965661720914,0.02638553200779062,,0.25187252,-0.37098721
480.0,0.20949248,0.00059847,5.95e-06,936.396681621161,0.026598112191372626,,2.10248709,-0.36023706
481.0,0.20957565,0.00063288,6.56e-06,935.1294952379856,0.026563308108552654,,-2.69366106,-0.33270622
482.0,0.20949504,0.00063729,4.35e-06,930.6977851070989,0.02643640864367387,,1.94248994,-0.35092902
483.0,0.20958828,0.00063971,2.01e-06,934.3756823599781,0.026542169241876457,,-3.41895665,-0.30661746
484.0,0.20949032,0.00063558,4.28e-06,932.4177457673529,0.026485198000355734,,2.21744938,-0.32248047
485.0,0.20956497,0.00060622,6.3e-06,935.2304227210778,0.026565963770869058,,-2.0783357,-0.32536466
486.0,0.20951671,0.00058003,5.76e-06,930.1072986131157,0.026419736869892057,,0.69949619,-0.33808129
487.0,0.20957247,0.00057121,5.33e-06,928.3780166487676,0.026371336303643026,,-2.49204126,-0.32811774
488.0,0.20948621,0.00059017,2.46e-06,933.3602678912945,0.026511824143550963,,2.45588978,-0.317892
489.0,0.20953458,0.00061051,3.15e-06,928.1505848055124,0.026364526226413623,,-0.32392008,-0.3172365
490.0,0.20952882,0.00058901,5.55e-06,930.3837751755455,0.026427779331897532,,0.00500435,-0.30333998
491.0,0.2094933,0.00056021,6.73e-06,931.4227548540869,0.02645671875534819,,2.04416557,-0.28787027
492.0,0.20955203,0.00058353,3.83e-06,928.9918594949902,0.026388565799818152,,-1.32365415,-0.28406839
493.0,0.20949935,0.00060785,2.51e-06,928.4734480856918,0.026373236984618183,,1.69111467,-0.33270622
494.0,0.20946208,0.00062016,3.46e-06,931.0101437968478,0.02644481410525569,,3.83384108,-0.34411185
495.0,0.20953345,0.00062414,3.47e-06,928.6621606462419,0.026379074476128514,,-0.25945482,-0.33795019
496.0,0.20949443,0.0006384,9.9e-07,933.7776739824801,0.02652395207027443,,1.98437118,-0.36194136
497.0,0.20957062,0.00063987,1.4e-06,935.4476576008062,0.026572397492336357,,-2.40446962,-0.34502955
498.0,0.20954115,0.00061794,-9.9e-07,928.4903317025332,0.026374363063715274,,-0.70008996,-0.37793547
499.0,0.20948169,0.00058663,3.9e-07,929.0865923749651,0.026390401579084857,,2.70327996,-0.33270622
500.0,0.209524,0.0005699,3.52e-06,930.7680196615659,0.026438615850912475,,0.28182811,-0.33047753
501.0,0.2095318,0.00055234,3.52e-06,923.0110859855884,0.026218332955077993,,-0.1644196,-0.31474562
502.0,0.20951301,0.00056442,3.27e-06,929.6123075675011,0.02640563195965869,,0.91088261,-0.36049926
503.0,0.20952513,0.00059187,6.13e-06,923.2307585035876,0.026224544578875048,,0.21528315,-0.34319416
504.0,0.20946311,0.00057241,7.95e-06,917.8252240189526,0.026070102117005937,,3.72145388,-0.34253866
505.0,0.20953047,0.00059875,5.92e-06,931.8157704244464,0.026468497349270842,,-0.08933283,-0.33047753
506.0,0.20954033,0.00056506,4.59e-06,934.8259586331317,0.026554065309752635,,-0.65753311,-0.34765153
507.0,0.20949566,0.00055091,4.13e-06,929.8099766104638,0.026410963438189796,,1.90532244,-0.35027352
508.0,0.20957092,0.00057423,2.72e-06,930.553453493867,0.026433169074841598,,-2.40954001,-0.35197781
509.0,0.20954361,0.00058572,0.0,933.4420241528913,0.026514943094116308,,-0.845594,-0.33323061
510.0,0.20949412,0.0005678,-5.6e-07,936.4279162431045,0.026599060745427575,,2.00776491,-0.32392257
511.0,0.20954957,0.0005591,3.7e-07,927.5804714793167,0.026348440360758923,,-1.18075475,-0.35827058
512.0,0.20956086,0.00055945,-9.4e-07,928.5211300969902,0.026375335243480538,,-1.82836057,-0.37688667
513.0,0.2095086,0.00059311,1.5e-07,923.7024113274447,0.026237841617015704,,1.15641886,-0.34201427
514.0,0.20950048,0.00060955,9.2e-07,923.121792152356,0.026221273134435365,,1.61712137,-0.33965448
515.0,0.20951147,0.00059775,2e-06,924.1446833623158,0.026250419803003102,,0.99324224,-0.38462153
516.0,0.20956476,0.00056184,4.37e-06,931.4110224108867,0.026457381573798865,,-2.05805123,-0.33755689
517.0,0.20956425,0.00053832,6.3e-06,924.4934733695225,0.026260775632979554,,-2.0135025,-0.34293196
518.0,0.20957739,0.00055778,3.85e-06,922.9416042681761,0.02621696619315655,,-2.75784661,-0.34070327
519.0,0.20951322,0.00058667,4.58e-06,920.8692037905394,0.026157323224344383,,0.8906633,-0.3351971
520.0,0.20954608,0.00059259,7.92e-06,931.3525343659874,0.026455490373807847,,-0.98515389,-0.32457806
521.0,0.20953396,0.00060634,7.66e-06,923.1212198520068,0.026221559847928358,,-0.28711372,-0.31028824
522.0,0.20952123,0.00062342,6.47e-06,932.7501946168048,0.026494975456008096,,0.44179086,-0.35866387
523.0,0.20945808,0.00059386,7.52e-06,923.1542056400764,0.02622146876549725,,4.02922074,-0.32090728
524.0,0.20953232,0.00056152,7.44e-06,930.7036950599361,0.026436800686251434,,-0.19523737,-0.30989494
525.0,0.2095242,0.00058309,6.14e-06,923.2880678911613,0.026226135897696463,,0.26787832,-0.27515364
526.0,0.20948868,0.00056772,6.26e-06,925.5833478723376,0.02629082138632515,,2.29487266,-0.31041934
527.0,0.20949381,0.00055894,6.59e-06,926.9648569184602,0.02633009969221812,,2.00505784,-0.35551749
528.0,0.20951619,0.00058691,7.32e-06,928.9675267129178,0.026387344042472945,,0.72802944,-0.3543376
529.0,0.20953016,0.000615,8.06e-06,932.3126457949996,0.026482611345324713,,-0.07168132,-0.33781909
530.0,0.20951353,0.0005964,8.2e-06,927.1823548361746,0.026336610605628565,,0.87916763,-0.35840167
531.0,0.20952503,0.00061345,9.12e-06,926.6666494923415,0.0263221431453486,,0.22194824,-0.35669738
532.0,0.20954043,0.00063749,8.65e-06,923.27829512738,0.026226173525979567,,-0.65525666,-0.33244402
533.0,0.2094895,0.00062763,4.3e-06,923.562094484086,0.026233621399381377,,2.24313317,-0.32143168
534.0,0.20951979,0.00058715,3.3e-06,927.1584914082869,0.02633608297634671,,0.52127732,-0.30753516
535.0,0.20944175,0.00058472,6.2e-07,924.122666896908,0.026248868119209814,,4.96292218,-0.35918827
536.0,0.20950623,0.00058973,1.12e-06,935.2551325895034,0.02656593803039316,,1.30698806,-0.35053572
537.0,0.2095357,0.00057296,2.39e-06,932.5214639202809,0.026488607987610463,,-0.3903573,-0.32903544
538.0,0.20954638,0.00058599,3.27e-06,933.3109720371825,0.02651119536129,,-1.00494756,-0.32562686
539.0,0.20946619,0.00060765,4.43e-06,933.5438266320676,0.026516783101967027,,3.60804109,-0.3351971
540.0,0.20949268,0.00062179,4.28e-06,927.021540368104,0.026331912530600615,,2.06971435,-0.33218182
541.0,0.20955614,0.00059434,1.95e-06,937.2610213447647,0.02662357737320298,,-1.57270841,-0.3177609
542.0,0.20945664,0.0005916,1.78e-06,929.2234083012455,0.02639394388457377,,4.13802013,-0.3000625
543.0,0.20954217,0.00059422,3.48e-06,929.4092583714895,0.026400328272675924,,-0.75959554,-0.34529175
544.0,0.20948529,0.00057332,2.83e-06,926.593717107053,0.02631955654107066,,2.4908409,-0.36141696
545.0,0.20953591,0.00060157,4.7e-07,928.1475330446526,0.02636448340383207,,-0.40027515,-0.37963976
546.0,0.2094399,0.00061893,-7e-07,930.5974995309026,0.026432875543691843,,5.10367219,-0.35695958
547.0,0.20953324,0.00061214,-1.04e-06,929.8109264412129,0.0264117557181304,,-0.24800826,-0.32012069
548.0,0.209417,0.00057896,3.3e-06,930.0742132131122,0.02641752162652375,,6.41260291,-0.37295369
549.0,,0.00054928,,,0.026433808341914927,,,-0.33729469
550.0,,0.00056343,,,0.02644915834972548,,,-0.36194136
551.0,,,,,0.026388589203420316,,,-0.38252394
552.0,,,,,0.026297407775215092,,,-0.35682848
553.0,,,,,0.026222788987043204,,,-0.38265504
554.0,,,,,0.026216294641396954,,,-0.33205072
555.0,,,,,,,,-0.33913008
556.0,,,,,,,,-0.37059391
557.0,,,,,,,,-0.37006951
558.0,,,,,,,,-0.35748398
559.0,,,,,,,,-0.3722982
560.0,,,,,,,,-0.34096547
