Time (s),O2 (Vol fr),CO2 (Vol fr),CO (Vol fr),HRR (kW/m2),MFR (kg/s),k_smoke (1/m),Mass (g)
0.0,0.20946087,0.00060888,3.81e-06,0.6875515914297816,0.02603239846566828,0.12315205944795664,-1.36958016
1.0,0.20947822,0.00060068,2.97e-06,-0.1352916311099012,0.02587498362376962,0.1257618118329379,-1.37326009
2.0,0.2094852,0.00058859,1.9e-07,-0.32371765864225915,0.026070738114405093,0.12348887125808419,-1.38824268
3.0,0.20950194,0.00056692,-1.57e-06,-0.9451193415150279,0.02602175282396343,0.12237082825415065,-1.3572261
4.0,0.20948592,0.0005431,-1.51e-06,0.18128229477996105,0.025992038845129694,0.12399928149437274,-1.31293549
5.0,0.20947853,0.00050958,1.87e-06,0.8942901749778627,0.026076955354213897,0.1250581737161947,-1.36563738
6.0,0.20948325,0.00053478,3.56e-06,0.3279413635403688,0.026310557914672787,0.12511210419113963,-1.37536291
7.0,0.20946303,0.00056635,2.15e-06,1.0872600097391654,0.02618477638124988,0.12299399373634413,-1.35472901
8.0,0.20951241,0.00055523,4.1e-07,-1.4209559427172602,0.02618197879498031,0.12315330054447894,-1.38903123
9.0,0.20949198,0.00056594,-1.15e-06,-0.4092237125436256,0.02614256283333759,0.12327232243539474,-1.3591975
10.0,0.20945625,0.00054854,-1.09e-06,1.7140403523478003,0.02616454374270841,0.11896270180316368,-1.36813447
11.0,0.20952802,0.00052606,1.95e-06,-1.955469859413042,0.026088842427098847,0.12260198551944543,-1.37851714
12.0,0.20948079,0.00052812,1.11e-06,0.5794665146505789,0.026146828884002805,0.12271065125027973,-1.32450099
13.0,0.20950327,0.00054034,7e-08,-0.7512551509753558,0.026138962399063614,0.12122458557586183,-1.35407188
14.0,0.20948346,0.00054302,-2.02e-06,0.324159300427266,0.026045592633428802,0.12106143374772206,-1.36261458
15.0,0.20949927,0.0005532,-1.17e-06,-0.654886663194132,0.026021737928265676,0.11871173631384467,-1.35459758
16.0,0.20947874,0.00055487,1.82e-06,0.3735132489548281,0.026080986369381547,0.12051340933776579,-1.36984301
17.0,0.20949003,0.00052849,3.76e-06,0.027665048515593562,0.02614403801573916,0.12081888954494212,-1.34723772
18.0,0.20948664,0.00055872,6.14e-06,-0.17448770348000722,0.02598720727782363,0.12164395105231182,-1.35341475
19.0,0.20949906,0.00056347,6.02e-06,-0.8853853555768719,0.025814241261799833,0.12112374126149067,-1.37168298
20.0,0.20947781,0.00052735,6.01e-06,0.6530010711683262,0.025965697255786572,0.11849466833129234,-1.38456274
21.0,0.20949075,0.00055961,5.09e-06,-0.3856312339654092,0.026008001136078027,0.11975808522735344,-1.34276923
22.0,0.20949485,0.00058197,3.88e-06,-0.8326435756810882,0.025948599010223585,0.1185090103314366,-1.37220869
23.0,0.20947822,0.00054545,4.16e-06,0.4628982200021341,0.026008522422981992,0.11648979658361872,-1.39257974
24.0,0.20947904,0.00054066,3.87e-06,0.4803621360039192,0.0261294032042259,0.11844449565773216,-1.38574558
25.0,0.20950204,0.0005435,8.9e-07,-0.7329762583354427,0.026034015994661222,0.1159805168806819,-1.37825429
26.0,0.20948418,0.00055933,-7.3e-07,0.07823269907209625,0.026152218066996746,0.11717477608064121,-1.37207726
27.0,0.20948787,0.00056351,2.48e-06,-0.22879244115657113,0.026257379799727195,0.1170610669467594,-1.36590023
28.0,0.20949383,0.00052512,2.86e-06,-0.12323492049246365,0.026329181081895782,0.1172065773863731,-1.38009425
29.0,0.20947925,0.00049388,3.19e-06,1.01301754471216,0.0262070514746713,0.11813096816586524,-1.38364276
30.0,0.20950512,0.00047683,4.28e-06,-0.21267667476755742,0.02625141080173021,0.1142327291529666,-1.40427667
31.0,0.20949372,0.00047886,2.29e-06,0.4200473318521305,0.026338142442157618,0.11937309080570813,-1.37825429
32.0,0.20947925,0.00048389,2.56e-06,1.1343476192547042,0.02612455758309681,0.11387400080751524,-1.37155155
33.0,0.2095042,0.00050564,4.89e-06,-0.4984804569703608,0.026108225031462436,0.11459191473858528,-1.38521987
34.0,0.20949403,0.00050986,7.58e-06,-0.0487057599287116,0.026182917747758022,0.1154989547802322,-1.35906607
35.0,0.20947925,0.00050625,8.74e-06,0.7637566099399692,0.026019303365844647,0.11609777454616807,-1.34474062
36.0,0.20949711,0.00048633,1.028e-05,0.0009094211116559986,0.026011696428416903,0.11618252337572765,-1.34552918
37.0,0.20949013,0.00046251,1.014e-05,0.6464938730061939,0.026042733255389774,0.11382231460355705,-1.39533969
38.0,0.2094968,0.00044822,6.27e-06,0.5173996091617951,0.025865046751753988,0.11606913331459581,-1.3848256
39.0,0.20949537,0.00047541,4.57e-06,0.32200517605489304,0.025942693184406618,0.11469019064552975,-1.38495702
40.0,0.2094544,0.00051368,5.09e-06,2.091928853687987,0.026153680971811526,0.11601840659278911,-1.36484882
41.0,0.2095427,0.00050451,5.27e-06,-2.5603423557402913,0.026051098728962257,0.11361815062326837,-1.37365437
42.0,0.20950245,0.00052561,6.99e-06,-0.6674913284142552,0.02606022364643331,0.11453715372754918,-1.37483721
43.0,0.20947401,0.00051717,6.72e-06,0.9604983578260716,0.02604461704026129,0.11241818132466304,-1.37457436
44.0,0.20950707,0.00049493,5.5e-06,-0.543439401762896,0.0261059973189021,0.1132707855859332,-1.38811125
45.0,0.2095235,0.00049424,6.31e-06,-1.4251321764941527,0.025920473345790063,0.11355396083810755,-1.36537453
46.0,0.20952155,0.00049619,7.96e-06,-1.3782737468278592,0.026015855168567983,0.11486321634540102,-1.39100262
47.0,0.20950533,0.00048957,9.1e-06,-0.45716966539305454,0.026158838816495354,0.11545706961762874,-1.35762038
48.0,0.20947699,0.00051027,9.93e-06,0.8231082389432709,0.026189818703527767,0.11329413851939962,-1.40519665
49.0,0.20952381,0.00053782,8.07e-06,-1.979991458341448,0.02614953497742372,0.11500440992156814,-1.37326009
50.0,0.20950502,0.00050658,4.29e-06,-0.5429922668091324,0.02615223951566946,0.11367480784839963,-1.38745412
51.0,0.20946036,0.00052468,3.5e-06,1.6846789090189225,0.02629203346892307,0.112942945672686,-1.37996283
52.0,0.20950964,0.00055466,5.34e-06,-1.3559336698550901,0.026162980553678165,0.11465209217688013,-1.38114566
53.0,0.20955964,0.00052476,4.42e-06,-3.7157260715424214,0.026282506335070212,0.11578469708076805,-1.40532807
54.0,0.20958838,0.00051465,2.95e-06,-5.119618483626582,0.026221613692963896,0.11402018175067656,-1.39218546
55.0,0.20954906,0.00055324,5.14e-06,-3.457104610523449,0.026114473652908844,0.11625790298919103,-1.40138529
56.0,0.20950779,0.00056099,5.27e-06,-1.323438414953866,0.026104518206889703,0.11361608042871574,-1.37746573
57.0,0.20953777,0.0005463,6.06e-06,-2.7730050348573707,0.02597718177092561,0.11338645110462996,-1.36090604
58.0,0.20952843,0.00055608,4.22e-06,-2.369357061282578,0.026209878309956625,0.11455632316554977,-1.370763
59.0,0.20949722,0.00052338,4.76e-06,-0.31906747529167134,0.025995846130597376,0.11212313361240199,-1.38719127
60.0,0.20951025,0.00049534,3.67e-06,-0.6855507381106025,0.02611822042394726,0.11239907551392178,-1.38995122
61.0,0.20946292,0.00046551,2.02e-06,2.217021695539197,0.02595436689511046,0.11351968950121129,-1.38180279
62.0,0.20944752,0.00052334,1.15e-06,2.4202554921289194,0.02607884399172867,0.11602914959325535,-1.34027213
63.0,0.20948592,0.00053072,2.8e-06,0.24016427906839488,0.02595120647247997,0.11422459949043721,-1.37194583
64.0,0.20943048,0.00051502,2e-06,3.3874609158075875,0.02587250494993767,0.11511179868069213,-1.42714482
65.0,0.20947689,0.00053299,4.18e-06,0.6738636969092282,0.026005700161871023,0.11147442720659168,-1.38061996
66.0,0.20947432,0.00054582,4.29e-06,0.667320373140478,0.026079146584904515,0.11357711285773492,-1.39915105
67.0,0.2095081,0.00051697,5.9e-07,-0.7595073806651569,0.02621734939672264,0.11194802008506156,-1.39323687
68.0,0.20950214,0.00053344,-8.3e-07,-0.5984158988484608,0.026262617472948595,0.11536584406777524,-1.37799144
69.0,0.20951949,0.00057796,1.31e-06,-2.076367988155857,0.02616853389654874,0.11453649443914099,-1.39823106
70.0,0.20950296,0.00058242,4.21e-06,-1.2920934015007233,0.02623774260039076,0.11537285382411086,-1.38469417
71.0,0.2094968,0.00057921,5.93e-06,-0.9552920959055954,0.026260136575474147,0.1116349286162068,-1.39218546
72.0,0.20949999,0.00059679,5.29e-06,-1.302321596638705,0.025993024979873186,0.11352104957111302,-1.39888819
73.0,0.20948336,0.00056895,4.45e-06,-0.0826901874858246,0.02610523710009136,0.11295653439829202,-1.42044208
74.0,0.20950173,0.00054172,6.27e-06,-0.7951935536212915,0.02600368883128426,0.11285415896592574,-1.37286582
75.0,0.20953099,0.00050443,3.29e-06,-1.8934281679321696,0.02605066632061873,0.11258378153365015,-1.41610502
76.0,0.2095081,0.00052987,1.2e-07,-0.8912921249512944,0.02605230354558291,0.1110068518204928,-1.36616308
77.0,0.20951631,0.00053685,-1.98e-06,-1.3775963532541788,0.02615732756115504,0.11313684510306822,-1.42070493
78.0,0.20950461,0.00050637,8.6e-07,-0.45126904513157423,0.025961909870516723,0.10999955325932304,-1.41465933
79.0,0.20950646,0.00048613,1.13e-06,-0.328384349054479,0.0259791884576739,0.1118183022168647,-1.38889981
80.0,0.20951025,0.00049128,3.46e-06,-0.6331486147502758,0.026009268216391636,0.11327671673644317,-1.3878484
81.0,0.20952042,0.00052825,6.04e-06,-1.6450361303109449,0.02605345560504113,0.11019207256333546,-1.40874515
82.0,0.20951046,0.00052979,6.83e-06,-1.1415895203635513,0.026047714316172556,0.1111161127222029,-1.43345327
83.0,0.20946241,0.0005457,8.4e-06,1.2352916349206993,0.026131243840856796,0.11130782040530883,-1.39809964
84.0,0.20948828,0.00055734,6.07e-06,-0.2476046657831108,0.026200760871024624,0.11103413592767568,-1.38771697
85.0,0.2094773,0.0005687,4.63e-06,0.24424971735731366,0.026234162469533587,0.1113515105534172,-1.35131193
86.0,0.20950604,0.00054294,6.96e-06,-1.0626547107723399,0.02624576240449268,0.10833445135182958,-1.37470578
87.0,0.20952052,0.00051015,7.94e-06,-1.4800762079021008,0.026023169145821957,0.10812280348241958,-1.39244831
88.0,0.20950368,0.00050625,8.08e-06,-0.5395550957204134,0.02624610882922833,0.11069956666909014,-1.33172943
89.0,0.20949085,0.00053742,5.31e-06,-0.146520100191387,0.02617472102182714,0.10977307344225426,-1.38600843
90.0,0.20950933,0.0005265,2.27e-06,-0.9652169566205105,0.026211743726433246,0.1084302517591229,-1.38088281
91.0,0.209516,0.00048239,8.1e-07,-0.796804450800266,0.026150493921140616,0.11099204812435776,-1.37089442
92.0,0.20947524,0.00047407,4.07e-06,1.4340312570766152,0.02614105299583852,0.10710002581121152,-1.37050015
93.0,0.20950738,0.00049448,6.23e-06,-0.568370371689907,0.026093957133324606,0.10972804890757519,-1.37562577
94.0,0.20949526,0.00047545,6.5e-06,0.29240338531455506,0.02599962405911579,0.10986543846280551,-1.35170621
95.0,0.20948736,0.0004815,5.13e-06,0.672756446861692,0.025976350935977947,0.10739553270093506,-1.3848256
96.0,0.20950245,0.00050731,5.7e-06,-0.43753177811942157,0.02607006629043357,0.11050400763003505,-1.35394045
97.0,0.20950574,0.00049286,8.45e-06,-0.5015446066823172,0.026012054862429548,0.10759755318779196,-1.37457436
98.0,0.20949064,0.00050828,6.58e-06,0.1696405506312955,0.025992490930338234,0.10760058250792073,-1.41373935
99.0,0.20948674,0.00050061,3.4e-06,0.527964025916827,0.026201018504924792,0.10800406929811139,-1.40164814
100.0,0.20953202,0.00052914,9.3e-07,-2.2038123638568927,0.02629548814062286,0.10777383648941459,-1.39179118
101.0,0.20952648,0.00052821,-1.7e-07,-1.870204068832928,0.02626823660274283,0.10877974037561422,-1.38929408
102.0,0.20949188,0.00049294,-8e-07,0.4161618965610379,0.026241646635220744,0.10808060869613088,-1.42385916
103.0,0.20952832,0.00047164,1.36e-06,-1.3554097857919274,0.02625595981241452,0.10774462240752962,-1.40992799
104.0,0.20953828,0.00049408,2.5e-06,-2.1597889467386704,0.026122201624872984,0.1076021196318802,-1.42359631
105.0,0.20949701,0.00050175,6.8e-07,0.010881188730303401,0.026098414277923396,0.10628208044679983,-1.42215062
106.0,0.20945923,0.00050637,2.51e-06,1.9566208541796501,0.026080085527591862,0.10696984859770416,-1.38929408
107.0,0.20944321,0.00052192,1.9e-06,2.6619227378680153,0.02615586618182506,0.10811166239388045,-1.42740767
108.0,0.20948818,0.00051307,1.47e-06,0.34365229260425917,0.026092304948426213,0.10510065677351735,-1.42832765
109.0,0.20944229,0.00052439,1.84e-06,2.6739553012360218,0.026050767845467546,0.10712743006994241,-1.41781356
110.0,0.20953027,0.00055052,-1.14e-06,-2.288624514687639,0.02601608288137736,0.10520743613077975,-1.40861373
111.0,0.2094968,0.00058786,-3.03e-06,-0.8726901304349348,0.0258715356826327,0.10600360383153071,-1.37234011
112.0,0.20943366,0.00055608,-3.44e-06,2.8751349651179914,0.02601755381470585,0.10808818760681138,-1.39507684
113.0,0.20946744,0.00055138,-9.3e-07,1.0680923829596634,0.025992048863070168,0.10637301501310895,-1.38981979
114.0,0.20946508,0.00052731,-2.66e-06,1.5055602362216536,0.026140429231344554,0.10381341041199221,-1.40756232
115.0,0.20950902,0.00051059,-3.32e-06,-0.6640624901062558,0.026224389303039445,0.10713779560615931,-1.38981979
116.0,0.20947206,0.00052995,-1.8e-06,1.0859556880470231,0.02620063842480377,0.10421690148434432,-1.4255677
117.0,0.20950717,0.0005323,-1.72e-06,-0.8372046175613271,0.026135903449938477,0.1044772377316163,-1.3883741
118.0,0.20952144,0.00051522,-1.68e-06,-1.4178614817258166,0.026204126334342333,0.10493245767460405,-1.39704823
119.0,0.209543,0.00049806,6.7e-07,-2.442025330492724,0.02630579507480345,0.10519735814093607,-1.362746
120.0,0.2094927,0.00051729,8.9e-07,0.06417049447845151,0.02631645500115147,0.10324482857061691,-1.36327171
121.0,0.20947863,0.00054249,2.5e-07,0.5521609930319672,0.02627068300018129,0.10513266958763957,-1.37260296
122.0,0.20947689,0.00054172,2.23e-06,0.6167266918047155,0.026212058541768047,0.1048907412640459,-1.36432312
123.0,0.20948869,0.00054281,4e-06,-0.0666917048031378,0.026262010808870532,0.10357580059041963,-1.39179118
124.0,0.20949321,0.00056818,5.41e-06,-0.6231716148421753,0.02614616797542288,0.10563711780725926,-1.37549434
125.0,0.20951149,0.00054387,7.08e-06,-1.3732922700936965,0.026299672166578962,0.10207884632693458,-1.41019084
126.0,0.20953941,0.0005224,7.32e-06,-2.6385206043087592,0.026203604026104745,0.10430351523307478,-1.39481398
127.0,0.2094929,0.00049412,4.75e-06,0.2434493225795741,0.0262041437180919,0.10383381147605712,-1.35039194
128.0,0.20950502,0.00049319,3.96e-06,-0.38601800098957134,0.026189854822299817,0.1023931567952021,-1.37299724
129.0,0.20951426,0.00048893,5.96e-06,-0.8720547876516807,0.026125836909436748,0.10319627196449256,-1.35801466
130.0,0.20950707,0.0005149,7.53e-06,-0.8059290093053247,0.026084761747254347,0.10287489194525896,-1.3969168
131.0,0.20947915,0.00052033,6.88e-06,0.6475512716317751,0.026111488017950275,0.10390656990065918,-1.38916266
132.0,0.20952196,0.00049935,3.46e-06,-1.3534779170298465,0.026037036938417548,0.10364787749196269,-1.37799144
133.0,0.2094888,0.00051684,4.06e-06,0.21930310363470357,0.026055318624747727,0.1047901018003905,-1.38022568
134.0,0.20951641,0.00051851,5.62e-06,-1.3112672001310803,0.026038183748463322,0.10315195610019327,-1.40900801
135.0,0.20952781,0.00050723,4.26e-06,-1.7778092340681255,0.026134382055882713,0.10226983608612582,-1.41137368
136.0,0.20947021,0.00051794,3.96e-06,1.2092888176699923,0.026090953232266904,0.10330117971153305,-1.42031066
137.0,0.20948366,0.00049899,5.78e-06,0.6607212470427889,0.025904229685785977,0.10355203819030917,-1.4456759
138.0,0.20947412,0.00047967,6.25e-06,1.3872528975439535,0.026079307118605417,0.1012787653243724,-1.3933683
139.0,0.20951436,0.00046843,5.79e-06,-0.642315984688547,0.02610834933049171,0.10524348366204447,-1.4084823
140.0,0.20952997,0.00048438,3.82e-06,-1.6258550952007045,0.026102478231243852,0.10184009092117098,-1.42491057
141.0,0.20948869,0.0005375,1.54e-06,0.0395912552838423,0.026236394698443688,0.10345301479094042,-1.37510006
142.0,0.20949588,0.00056314,1.13e-06,-0.6318681894845504,0.02620592462750675,0.10285215701077717,-1.40637948
143.0,0.20949023,0.00056282,4.1e-06,-0.3793205856479565,0.026274049261776677,0.1042422819418054,-1.36655736
144.0,0.20947381,0.00053255,2.64e-06,0.8794032229414139,0.026210664342282294,0.10432809706592973,-1.38955694
145.0,0.20948685,0.00049708,7.7e-07,0.611817057411049,0.026231822651507926,0.10368641880083318,-1.40664234
146.0,0.20951785,0.00049379,-8e-08,-1.00963146612524,0.026170205491567365,0.10127948977767191,-1.38311706
147.0,0.20952894,0.00047387,-7e-07,-1.3664004208123557,0.026077553067349782,0.1036822535486631,-1.37181441
148.0,0.2094928,0.00047488,-5e-08,0.5538860871943659,0.026086058306241677,0.10270444641966582,-1.39547111
149.0,0.20951385,0.00046969,2.41e-06,-0.567502712385615,0.02616895158188999,0.10013785429674853,-1.38811125
150.0,0.20950163,0.00050613,3.77e-06,-0.3414487938947679,0.02585504326746899,0.10205777382355141,-1.393894
151.0,0.20950276,0.00053782,3.26e-06,-0.7520140066046913,0.02604554742490687,0.10099111546290382,-1.41939067
152.0,0.20949906,0.0005263,4.1e-06,-0.4391973029869312,0.026048891545696423,0.1020090209306357,-1.39297402
153.0,0.20952227,0.00048888,2.16e-06,-1.2242497591102015,0.025954548851905273,0.1012530566988662,-1.40769375
154.0,0.20950348,0.00050926,3.94e-06,-0.4813947957848024,0.026027208257063863,0.10268861100773127,-1.41781356
155.0,0.20950769,0.00053636,5.74e-06,-1.052119034257901,0.026186850284923673,0.10217406125757386,-1.38035711
156.0,0.20950604,0.00051997,4.1e-06,-0.7449880210864959,0.02612199623745944,0.10251393668330486,-1.40125386
157.0,0.20950307,0.00052289,3.51e-06,-0.6080082433845301,0.026166567667970462,0.10352926664305523,-1.39862534
158.0,0.20950492,0.0005015,5.93e-06,-0.5117576536701245,0.02620471893755956,0.10333094205303485,-1.37838571
159.0,0.2095045,0.00053713,6.48e-06,-0.9041936119207541,0.026240186370359526,0.10196430816991191,-1.37273439
160.0,0.2094926,0.0005461,4.53e-06,-0.3243911084730723,0.02615347360653222,0.1014256111100856,-1.41268794
161.0,0.20944362,0.00051092,4.72e-06,2.705871515610595,0.02610081402869442,0.10129263209000909,-1.36984301
162.0,0.20941323,0.00054988,4.27e-06,3.9245013187134985,0.026195150331521897,0.10192784081977666,-1.3823285
163.0,0.20943551,0.00055138,4.21e-06,2.6703310658852404,0.025856876079667416,0.0990791452593118,-1.40453952
164.0,0.20945009,0.00054411,5.83e-06,1.9622826442568815,0.026095424061061644,0.10218427822227662,-1.37575719
165.0,0.20942904,0.00056801,5.82e-06,2.8047875371495716,0.025902648492287513,0.10213340902474961,-1.41728785
166.0,0.20948448,0.00055052,3.42e-06,0.0841390751764913,0.026101258606028247,0.10208146526309457,-1.40125386
167.0,0.20948551,0.00055239,2.26e-06,0.029184193760479014,0.026112154007628115,0.1027823002878704,-1.41334507
168.0,0.20950553,0.00052662,4.05e-06,-0.7888183039246928,0.026027576058023853,0.10258413658128512,-1.41939067
169.0,0.20952627,0.00052772,1.4e-06,-1.8758120579539082,0.026172736609779385,0.10143384471374012,-1.44331023
170.0,0.20950235,0.00055093,-1.01e-06,-0.8038647079051671,0.02622553959873559,0.10139292721360084,-1.38811125
171.0,0.20949147,0.00054793,1.76e-06,-0.23313854988758714,0.026225273509229662,0.10317663274740052,-1.39533969
172.0,0.20949465,0.00052476,2.21e-06,-0.15152391815744412,0.02633905632150698,0.10402700489972803,-1.38061996
173.0,0.20951395,0.00050183,-6.4e-07,-0.8827723188367849,0.02626296074869234,0.10153861392462601,-1.40335668
174.0,0.20947001,0.00047586,-2.76e-06,1.8305698901422776,0.026250661939528953,0.10401799333989423,-1.38745412
175.0,0.20946888,0.00046575,-9e-08,1.9641243365269676,0.02635324522188854,0.09985347810138734,-1.40309383
176.0,0.20948613,0.00047148,3.15e-06,0.9016528584690549,0.026382168743249123,0.10286951560599746,-1.39586539
177.0,0.20948038,0.00048491,3.04e-06,1.054125575859819,0.026151923201600494,0.10197152380383004,-1.40125386
178.0,0.20948582,0.000472,9.2e-07,0.9437028081216589,0.026083518508055573,0.10171041557877529,-1.38968836
179.0,0.20950266,0.00046454,2.16e-06,0.09906005306225865,0.026105784491518395,0.10056739566283435,-1.38732269
180.0,0.20950163,0.00047919,4.76e-06,-0.059102035052615944,0.026076563139121465,0.10309304658279676,-1.42188777
181.0,0.20951395,0.00052192,5.04e-06,-1.213137806351904,0.026175340160427926,0.10273479731819715,-1.44462449
182.0,0.20949496,0.00055389,3.41e-06,-0.5197687156666834,0.02619778722340354,0.10411760008040487,-1.43595037
183.0,0.20948377,0.0005612,4.44e-06,-0.017073272876895338,0.026034477973001104,0.10329663606748322,-1.43844746
184.0,0.20947761,0.00055811,1.64e-06,0.4000622156606595,0.02601272086663771,0.1011374486296173,-1.41794498
185.0,0.20948017,0.00057069,2.94e-06,0.09752234122750492,0.026107087569408743,0.09955387937216038,-1.37339152
186.0,0.20950184,0.0005769,1.38e-06,-1.1116533448493726,0.026137090304964642,0.10140374610496575,-1.37220869
187.0,0.2094849,0.00059037,-9.2e-07,-0.30806717237038816,0.02615933361329705,0.10414803531652825,-1.36484882
188.0,0.209485,0.00057759,-2.54e-06,-0.13798712089330212,0.02601876817678546,0.1019993243826329,-1.42937906
189.0,0.20949147,0.00054225,-2.53e-06,-0.08806150650624467,0.026075776851896142,0.1025519231398202,-1.39612824
190.0,0.20946508,0.00052374,-1.89e-06,1.5275781676887261,0.026072662774112642,0.10089884559426847,-1.41768213
191.0,0.20945225,0.00050195,2.9e-07,2.4363396880666213,0.026223267774282914,0.10340381942157588,-1.40927086
192.0,0.20947001,0.00049676,1.94e-06,1.5014300429307446,0.02617831322566283,0.10327149749852721,-1.42569913
193.0,0.20946488,0.00049079,8e-08,1.8726510998944184,0.026068010337034382,0.10268289972461071,-1.39218546
194.0,0.20950635,0.00050808,-2.19e-06,-0.512570265210426,0.02623713946609394,0.10205416329383898,-1.37904285
195.0,0.20945143,0.00054586,-1.54e-06,2.0219386873525518,0.026283490278445072,0.10169459068478638,-1.41281937
196.0,0.20953387,0.00056862,4.8e-07,-2.734016078724381,0.026193473368249794,0.10357311299484045,-1.39586539
197.0,0.20949218,0.00055681,8.8e-07,-0.3540147759580708,0.026096090341041316,0.10149156082623355,-1.43949887
198.0,0.20943993,0.0005612,-1e-08,2.4362431381031966,0.02621793933903383,0.10037349131942863,-1.39980818
199.0,0.20951908,0.00055434,-1.46e-06,-1.7294635782738266,0.02608064787644587,0.10317775528290411,-1.4054595
200.0,0.2094927,0.00052849,-1.35e-06,-0.021067753241848786,0.026117699280320757,0.10008157423360807,-1.36314028
201.0,0.20947073,0.00054269,1.11e-06,0.9493343776267533,0.02593059402281865,0.102227012687797,-1.39757393
202.0,0.20948941,0.00056043,2.32e-06,-0.27103285950843464,0.02595085483209191,0.10043943602529179,-1.347632
203.0,0.20949814,0.00056883,2.01e-06,-0.8313370477220714,0.026093355129335777,0.10138285356834394,-1.37365437
204.0,0.20948531,0.000584,1.59e-06,-0.30416836825591265,0.026092680419306194,0.10193851939571973,-1.41479076
205.0,0.20948849,0.00058136,2.58e-06,-0.4641056866049428,0.02610236378224234,0.10113930004135865,-1.37733431
206.0,0.20949886,0.00055523,4.66e-06,-0.7688510003449769,0.026192346997226713,0.10349194049315455,-1.4366075
207.0,0.20951097,0.00056452,4.76e-06,-1.532478149250084,0.02623227644593458,0.10420974442567489,-1.41255651
208.0,0.20946929,0.00054736,2.48e-06,0.956193830643694,0.026135840855195814,0.10035015035787673,-1.38311706
209.0,0.20947863,0.00051701,1.57e-06,0.8126442500765932,0.026137981344771837,0.10196656735428629,-1.38968836
210.0,0.20947761,0.00050962,2.12e-06,0.9367980503886121,0.026025041351685086,0.10260889849092428,-1.3828542
211.0,0.20941416,0.00055564,3.36e-06,3.7881043726973336,0.025935224807713268,0.10273023669776934,-1.41242509
212.0,0.20951795,0.00058177,1.5e-06,-2.0189314752306684,0.025899547810621943,0.10043512190169492,-1.41281937
213.0,0.2095082,0.0005653,2.47e-06,-1.3382054917925177,0.026029491369904283,0.10120139269114727,-1.39573397
214.0,0.20946149,0.00056517,5.28e-06,1.1184284106288023,0.02602322205778818,0.10303183912942543,-1.43174473
215.0,0.20946169,0.00055332,3.28e-06,1.289905938705976,0.02626438928105847,0.10259828114538044,-1.38613986
216.0,0.20948346,0.00053466,5.1e-07,0.37318358228891163,0.02617635164553958,0.10220781082671637,-1.4029624
217.0,0.20948089,0.00052175,2.44e-06,0.6228174627604451,0.026211386901379568,0.09948825482823904,-1.4220192
218.0,0.20946303,0.00052147,2.07e-06,1.596149524911446,0.026176687360607413,0.1043020576626663,-1.42136206
219.0,0.20948182,0.00054886,2.9e-07,0.3035424519178298,0.026038369163711664,0.10121733342489252,-1.40440809
220.0,0.20943592,0.00051766,2.82e-06,3.0503917181813667,0.025853425526745966,0.10169489646998255,-1.39047692
221.0,0.20947432,0.00052695,5.21e-06,0.8533193115008003,0.02578884815080173,0.10060282306735159,-1.40729947
222.0,0.20945122,0.00050597,6.79e-06,2.3063934641921895,0.026012887777567474,0.10143753900858118,-1.38771697
223.0,0.20944968,0.00050698,4.63e-06,2.4294836014219015,0.026139970736878165,0.1020603792813709,-1.40112244
224.0,0.20956898,0.00055385,1.83e-06,-4.503251305810826,0.026276300026917433,0.10368405376029359,-1.40611663
225.0,0.20940995,0.00054712,2.92e-06,4.15795093589899,0.026194377468798744,0.10288464593618828,-1.37772858
226.0,0.20947288,0.0005349,3.23e-06,0.8920721101863579,0.02621190219738856,0.10355896324274276,-1.37707145
227.0,0.20955481,0.00048227,3.13e-06,-2.933493189343392,0.026164497288361253,0.10238666824221922,-1.3994139
228.0,0.20952278,0.0004873,3.75e-06,-1.2724414031469808,0.026143762496792778,0.10078024254325296,-1.36235172
229.0,0.20924876,0.00049521,2.34e-06,13.249648841489279,0.02578891871618813,0.10088642268384244,-1.36550595
230.0,0.20980121,0.00046579,2.23e-06,-16.059659473604892,0.02620658591154926,0.10245289055697454,-1.38153994
231.0,0.20958212,0.00047996,1.18e-06,-4.32626621347961,0.02605211738159142,0.10265865560194018,-1.38916266
232.0,0.20940728,0.0005263,1.05e-06,4.5736645130935365,0.026200363727179037,0.10124534932590182,-1.4054595
233.0,0.20945943,0.00054286,3.01e-06,1.530601350906815,0.02617046042618377,0.10237157691987515,-1.41019084
234.0,0.2095504,0.00057154,3.2e-06,-3.696010991594747,0.026087180129035197,0.1011041822058012,-1.39757393
235.0,0.20956344,0.00050544,2.27e-06,-3.619446571797802,0.02597822164059282,0.10118724273783858,-1.38219707
236.0,0.20946693,0.0004242,3.65e-06,2.4515514785675747,0.02612485871614706,0.10259722839521392,-1.43029904
237.0,0.20949218,0.00050629,3.93e-06,0.1599444603937367,0.026223690130791667,0.10236440386558351,-1.39494541
238.0,0.20953479,0.00054371,5.1e-07,-2.502659978004037,0.026199194653510477,0.10163594599983139,-1.41439648
239.0,0.20950707,0.00054663,5.7e-07,-1.032102525270395,0.02602769696530286,0.10227222359707283,-1.41242509
240.0,0.2095312,0.0005698,-4.3e-07,-2.5738927533466915,0.026069567573309988,0.10316370270974624,-1.40861373
241.0,0.20946405,0.00054476,-2.39e-06,1.348873333014612,0.025947212883773645,0.10111094380094601,-1.4115051
242.0,0.20949198,0.0005784,-2.62e-06,-0.5205467692606819,0.026037030982273883,0.10266445631153148,-1.45842424
243.0,0.20949876,0.00059484,-2.39e-06,-1.0753506481096344,0.026070118900675166,0.10368277031222656,-1.39520826
244.0,0.20948859,0.00059492,-2.34e-06,-0.5328886376640356,0.02619613646097894,0.10327396590136671,-1.42267633
245.0,0.20949855,0.0005631,-1.24e-06,-0.7255922011077033,0.025995633734105635,0.10362454774654933,-1.42136206
246.0,0.20949557,0.00057276,3.11e-06,-0.7569149772627833,0.026062308819132622,0.10294949547074,-1.39888819
247.0,0.20947442,0.00056383,6.83e-06,0.4100167942050377,0.025971335976727374,0.10234638898704834,-1.41321364
248.0,0.2095045,0.00059066,8.87e-06,-1.5484332918229153,0.02610894031587328,0.09984731358192349,-1.41636787
249.0,0.20949403,0.00058628,9.75e-06,-0.9555832444771538,0.026220462492229576,0.10089090496706027,-1.43608179
250.0,0.20948962,0.00057268,9.72e-06,-0.5613818931559363,0.02617525527345773,0.10213309709174337,-1.42280775
251.0,0.20946621,0.00059378,6.29e-06,0.521474668506356,0.025869405828060583,0.10239528848877426,-1.42937906
252.0,0.20948561,0.00061444,6.32e-06,-0.749445598643368,0.02601561160419697,0.1037507563325495,-1.38495702
253.0,0.20954003,0.00061874,7.17e-06,-3.7658616982604145,0.026236919095738897,0.10330117596075342,-1.40375096
254.0,0.20953818,0.00059159,7.69e-06,-3.3672126682012684,0.026235957267809567,0.10048026107355755,-1.36537453
255.0,0.20950543,0.00055499,7.39e-06,-1.1728115228748124,0.026209929265149375,0.1037856834402788,-1.36905446
256.0,0.20952945,0.0005528,7.5e-06,-2.438264204514219,0.02609915821003773,0.10206956224776613,-1.39809964
257.0,0.20951498,0.00054208,5.74e-06,-1.5040582101253983,0.026073010717821605,0.10077728623165422,-1.40453952
258.0,0.20952535,0.00056323,3e-06,-2.246628124242248,0.02604228282368082,0.10337798091193186,-1.37877999
259.0,0.20949444,0.00057934,4.99e-06,-0.8042753814513595,0.02603118691672518,0.10234304809067084,-1.37588862
260.0,0.20950492,0.00058952,6.65e-06,-1.5222046842154309,0.026200823299181504,0.10307870599394979,-1.39021407
261.0,0.20956128,0.00055677,6.73e-06,-4.175765817359489,0.026057440003134015,0.1034003752273859,-1.39113405
262.0,0.20952463,0.00052143,6.7e-06,-1.8075992608222335,0.02606645746902563,0.10133371771670296,-1.4200478
263.0,0.20950563,0.0005125,4.89e-06,-0.6507646540789077,0.02602264464884254,0.10309225493452506,-1.40072816
264.0,0.20949208,0.00052922,4.61e-06,-0.10736169995605226,0.0262439384373624,0.10291978322595828,-1.38324848
265.0,0.20955666,0.00057398,5.79e-06,-4.125631213211014,0.026195220182764625,0.1023916300307924,-1.44896156
266.0,0.20949177,0.00058189,5.49e-06,-0.705816480854513,0.026288907328196474,0.10178194746088957,-1.37312867
267.0,0.20949218,0.00055016,2.8e-06,-0.3134252834546092,0.025990219111800387,0.10061801773876969,-1.39402543
268.0,0.20947237,0.00056745,4.13e-06,0.5284043056852643,0.025934694413531214,0.10095877563603127,-1.40572235
269.0,0.20948623,0.00056262,3.37e-06,-0.1452981751690911,0.026036229364615422,0.10515288956632501,-1.37799144
270.0,0.2094891,0.00054026,3.59e-06,-0.051973666357924005,0.026110282598185208,0.10422411833015557,-1.40677376
271.0,0.20952535,0.00053531,2.65e-06,-1.9478947130498163,0.026342205814770956,0.10286556486044451,-1.43266471
272.0,0.20951405,0.00054728,1.08e-06,-1.4226308692825207,0.026010216544760406,0.10209087012081164,-1.37339152
273.0,0.20951528,0.00056428,3.35e-06,-1.7129949601004606,0.025875773279656785,0.10105305101331173,-1.41755071
274.0,0.20951374,0.00054712,3.97e-06,-1.4627725822251594,0.02609931627527673,0.10300996547916016,-1.35223191
275.0,0.20950194,0.00051615,1.28e-06,-0.4296342267014654,0.02619303670485211,0.10325990950703356,-1.41058512
276.0,0.20950594,0.00049465,1.3e-07,-0.38097693542874056,0.026205150610988586,0.10137937496785383,-1.40874515
277.0,0.20949003,0.00050784,1.5e-06,0.3024087515351903,0.02608158511514862,0.10044040854052794,-1.41676215
278.0,0.20948592,0.00049489,3.4e-06,0.6299730705664207,0.025910126953432824,0.10068569696345422,-1.35709468
279.0,0.20947104,0.00049688,4.83e-06,1.3855721414164512,0.026084275497746397,0.1024016777812924,-1.43305899
280.0,0.20946796,0.00049209,6.43e-06,1.5802765345650356,0.02616344465730609,0.10283839644940819,-1.41084797
281.0,0.20948387,0.00049757,4.88e-06,0.688832830123753,0.02616321032287286,0.10359350371527516,-1.37812286
282.0,0.20953171,0.00047732,1.22e-06,-1.5865184059412192,0.026021077599595155,0.10085830561469436,-1.3994139
283.0,0.20946878,0.00049379,7e-08,1.6277667834959193,0.026041730522992922,0.10162403787422106,-1.42175634
284.0,0.20949054,0.00054614,-7.6e-07,-0.1147820216195758,0.026074304994203774,0.10247426661292407,-1.40125386
285.0,0.20948726,0.00054675,-7e-07,0.05404806800139568,0.026288121843594244,0.10259281625082967,-1.42675054
286.0,0.2095199,0.00053981,1.62e-06,-1.6762511393569304,0.026225770794101946,0.10346685126560314,-1.37851714
287.0,0.20950389,0.0005713,4.09e-06,-1.2016817281162362,0.02597092419984958,0.10178878316028885,-1.40138529
288.0,0.20950769,0.00055823,5.46e-06,-1.2886256347640628,0.026067865242449452,0.10041111373915797,-1.42622483
289.0,0.20949732,0.00051883,6.19e-06,-0.30257126834694337,0.026237046409369726,0.10225362662799879,-1.38272278
290.0,0.20951765,0.00053957,6.04e-06,-1.6345235802470053,0.026227049136370372,0.10298684622329997,-1.42596198
291.0,0.20954085,0.0005739,5.54e-06,-3.2457391909941404,0.026035204903886913,0.10144758692063847,-1.41676215
292.0,0.20950563,0.00057004,5.17e-06,-1.306751258611443,0.0260910910838752,0.10206732388274559,-1.37155155
293.0,0.20951344,0.00060336,3.66e-06,-2.0756513378002563,0.02610047143386348,0.10142863809527912,-1.39612824
294.0,0.20949547,0.00059662,2.08e-06,-1.0069170898505244,0.026209451983961206,0.1035813693366623,-1.38719127
295.0,0.20952309,0.00058542,1.76e-06,-2.3701150900455263,0.02624168143799559,0.1017096736740022,-1.40204242
296.0,0.20950943,0.00054277,3.4e-06,-1.1701187715990051,0.026078137300440275,0.1026851956193681,-1.41794498
297.0,0.20953171,0.00055548,4.86e-06,-2.5445756922938,0.026135219248559417,0.1010102366122039,-1.39297402
298.0,0.20948253,0.00054428,4.42e-06,0.2397385058514698,0.025974298263066173,0.10311390230908225,-1.40927086
299.0,0.2095234,0.00051851,1.54e-06,-1.616592239580496,0.02612952930621818,0.10396467290850357,-1.4341104
300.0,0.20948089,0.00051453,-1e-07,0.7514815143861697,0.02619143263988308,0.10371415786333196,-1.42491057
301.0,0.20951138,0.00049745,2.14e-06,-0.7470471158780524,0.02630425997677225,0.0991795199176108,-1.40388239
302.0,0.20950882,0.00051197,4.78e-06,-0.8179455361527714,0.02614984500119795,0.10389654994357712,-1.41886497
303.0,0.20949414,0.00052313,4.42e-06,-0.14504287338633415,0.026033617054140326,0.10417748019446682,-1.40506522
304.0,0.20950225,0.00049294,2.49e-06,-0.20519827667688256,0.02607012903480744,0.10404273703620019,-1.40782517
305.0,0.20950923,0.00048105,2.48e-06,-0.4475931643303352,0.026146105598149658,0.10344395081367416,-1.41084797
306.0,0.20948613,0.00049294,3.54e-06,0.6425253081650537,0.02609369670286899,0.10185000506563915,-1.42267633
307.0,0.20954034,0.00052739,6.06e-06,-2.703811046442003,0.026030442193517852,0.10294958332126448,-1.44409879
308.0,0.20953623,0.00052265,7.56e-06,-2.465135558699004,0.02611016343355775,0.10321103422562601,-1.38981979
309.0,0.20953079,0.00050317,9e-06,-1.9857669932352275,0.026199131801471754,0.10295948390147074,-1.38719127
310.0,0.20952175,0.00047671,6.37e-06,-1.1485709914245683,0.026201827525128545,0.10532236109815304,-1.39836249
311.0,0.20954465,0.00046304,4.06e-06,-2.178910105131404,0.026091947324717698,0.10287562424783761,-1.40913943
312.0,0.20952206,0.00045378,2.94e-06,-0.8367910385715152,0.02605404581506693,0.10105305457981482,-1.40414524
313.0,0.20952432,0.00047671,4.24e-06,-1.2376877668955797,0.025992099321032122,0.10082605387481908,-1.40164814
314.0,0.20952997,0.00045159,5.26e-06,-1.2813541415335228,0.026077098234363737,0.10373636638562372,-1.40401381
315.0,0.20950933,0.00045139,3.63e-06,-0.1384884656359544,0.02601329819983982,0.10072479228127772,-1.37168298
316.0,0.20952648,0.00046186,5.9e-07,-1.1245463900276602,0.02612111640450642,0.10458832123980137,-1.38811125
317.0,0.20950676,0.00048219,1.54e-06,-0.30935344458144254,0.026110185667184902,0.10104571065868986,-1.36484882
318.0,0.20949958,0.00050641,2.1e-06,-0.20654597072288824,0.026113863345285045,0.1046979678492983,-1.39980818
319.0,0.20954403,0.00053312,5.4e-07,-2.877252666660834,0.02615074816725214,0.10341166685774093,-1.39757393
320.0,0.20951919,0.00053543,-4.8e-07,-1.5443690373605063,0.02614866761432757,0.10357573458225705,-1.43765891
321.0,0.20952401,0.00055393,2e-08,-2.010591416197141,0.02599051812588546,0.10390260411019227,-1.43043047
322.0,0.20962452,0.00057443,3.29e-06,-7.665803258515285,0.025904813380155104,0.1042067983051495,-1.42464772
323.0,0.20950943,0.00056769,4.43e-06,-1.4688077187959907,0.02605258647227202,0.10219904205668454,-1.43227043
324.0,0.20949465,0.00053076,4.54e-06,-0.2606813538996552,0.026049882963101907,0.10231420820219231,-1.39507684
325.0,0.20950871,0.00052492,6.09e-06,-0.972609191464034,0.02587787374359144,0.10236409493485282,-1.38167137
326.0,0.2094891,0.0004985,5.79e-06,0.3781449025004103,0.026092208919479654,0.10236747381138309,-1.41571074
327.0,0.20958787,0.00047428,3.95e-06,-4.650738700560538,0.026209987398572863,0.10279227065545471,-1.4134765
328.0,0.20950132,0.00046884,2.61e-06,0.11479369241040148,0.026216896998662618,0.10285228980863163,-1.42727624
329.0,0.20945194,0.00047906,2.42e-06,2.6618171503882277,0.026116846675926928,0.1028165066323422,-1.42885336
330.0,0.20931539,0.00048787,1.31e-06,9.875417002479104,0.025962088661939012,0.10414331866247636,-1.41781356
331.0,0.20956015,0.00049193,1.99e-06,-3.2846757680971095,0.025966419116199072,0.10125409609952478,-1.43529324
332.0,0.20953079,0.00053705,2.14e-06,-2.2236296487182092,0.025990514806060995,0.10482701538897102,-1.4341104
333.0,0.20949722,0.00056663,2.71e-06,-0.7711376745483864,0.02613109686741145,0.10432479452452818,-1.41439648
334.0,0.20955645,0.00058299,4.51e-06,-4.1591359928507945,0.025986932324668352,0.10337500822876189,-1.45356147
335.0,0.20948305,0.0006006,3.17e-06,-0.40230097156260763,0.02629664160755986,0.10367289987532056,-1.42359631
336.0,0.20948007,0.00059605,4.48e-06,-0.21356400452623372,0.026304663776197744,0.10108545015369096,-1.40440809
337.0,0.20952288,0.00057081,4.92e-06,-2.2412050088181896,0.026115157271414162,0.10203717227977904,-1.40177957
338.0,0.20942874,0.00053863,2.67e-06,3.210107915041655,0.025921654963289926,0.10250645438619412,-1.41965352
339.0,0.20948469,0.00053028,2.91e-06,0.30952218817478655,0.02600398567924784,0.10282438268697013,-1.42280775
340.0,0.2094544,0.00054618,5.2e-06,1.7183258098123093,0.026089348379750354,0.10162990126391745,-1.41663072
341.0,0.20949968,0.00053182,6.54e-06,-0.5780811012477559,0.02596430335452486,0.10351531965949128,-1.43253329
342.0,0.20940697,0.00054423,7.14e-06,4.241884529343947,0.02600453442857738,0.1048323565020847,-1.43752748
343.0,0.20946878,0.00054906,5.13e-06,0.9125363741856788,0.026061910452537185,0.10221264378373937,-1.43082475
344.0,0.2094772,0.00053563,1.61e-06,0.6781752880319512,0.02612069497835991,0.10439425714720398,-1.45632142
345.0,0.20946313,0.00049237,4e-08,1.969125476765268,0.026328260951118246,0.10248568257846491,-1.41939067
346.0,0.20948151,0.00049108,-3.7e-07,0.98499501390617,0.026098965475771365,0.10410504496771555,-1.45960707
347.0,0.20945194,0.0005179,4.3e-07,2.2748867100388623,0.026282545601499337,0.103241638820894,-1.40716804
348.0,0.20944999,0.00053851,9.8e-07,2.128808627295996,0.026191647677443662,0.10247955928518654,-1.43673892
349.0,0.20947884,0.00052058,4.17e-06,0.7107384133297202,0.026070849869049666,0.10319320111050738,-1.4134765
350.0,0.2094814,0.00049481,3.67e-06,0.8673319452228124,0.025908390679873175,0.10453733572073322,-1.40979656
351.0,0.20947555,0.00049655,1.31e-06,1.2095551848078039,0.026028857099771527,0.10450338901873314,-1.45513858
352.0,0.20951036,0.00051319,1.71e-06,-0.8532165812374308,0.026016861073165684,0.10367337474701752,-1.42136206
353.0,0.20950348,0.0005252,3.85e-06,-0.6608704682216071,0.02609803723731748,0.10275595319236355,-1.40453952
354.0,0.2095236,0.00053287,6.2e-06,-1.8746400849923002,0.026104996154991376,0.10519031463011125,-1.42596198
355.0,0.20951508,0.0005108,7.45e-06,-1.1870295213149065,0.02603867952053149,0.10468392020979497,-1.42635626
356.0,0.20954475,0.00051445,8.1e-06,-2.8434696324313387,0.026128604060625404,0.10432530754570059,-1.39008264
357.0,0.20954075,0.00053827,7.79e-06,-2.9028963713012566,0.02623368180400954,0.10163220556677759,-1.42359631
358.0,0.20953643,0.00051563,3.92e-06,-2.3452243529844274,0.026293206944210203,0.1022750402288511,-1.42320203
359.0,0.20953469,0.00051088,2.1e-06,-2.147805778166327,0.026111608798107082,0.10543706431812788,-1.43555609
360.0,0.20952032,0.0005237,3.8e-06,-1.5421962595513241,0.025975742048120233,0.10470278442654346,-1.44883013
361.0,0.20954752,0.00049481,2.09e-06,-2.650063928758592,0.02604175782752124,0.10487595591820871,-1.41899639
362.0,0.20953099,0.00046876,8e-08,-1.4331127976319273,0.026069791773598656,0.10233080104897926,-1.3878484
363.0,0.20950604,0.00046048,6.6e-07,-0.00918636328522943,0.0261089533629595,0.10417564241770513,-1.41426505
364.0,0.20952637,0.00050747,3.05e-06,-1.684442277455203,0.026197850681589103,0.1038393973644501,-1.43608179
365.0,0.2095351,0.00050504,2.89e-06,-2.124597772037333,0.026184881927228214,0.1041826442000102,-1.43634465
366.0,0.20951898,0.00052155,1.73e-06,-1.4137386899551239,0.026082846788505944,0.1018608548106104,-1.45395575
367.0,0.20950964,0.00052906,3.9e-06,-1.0365404156061122,0.02608848886933504,0.10434444326143127,-1.46065848
368.0,0.20951169,0.00052403,4.29e-06,-1.0949750910724583,0.026031738275911372,0.10174786339129493,-1.38035711
369.0,0.20949157,0.00053478,3.68e-06,-0.12507656969002162,0.02616763393373845,0.10452122548002046,-1.40821945
370.0,0.20951693,0.00055377,2.23e-06,-1.69142463864373,0.026321075323540163,0.10244100892620238,-1.42937906
371.0,0.20949455,0.00053247,-9e-07,-0.17364548930328552,0.026060688714474502,0.10213041220588176,-1.41360792
372.0,0.20950461,0.0005306,2.4e-07,-0.7117054088540056,0.025960591335692756,0.104460224214901,-1.43792176
373.0,0.2095196,0.00056177,3.8e-06,-1.9377689660558106,0.026063899381845137,0.10518773819481428,-1.43818461
374.0,0.20953951,0.00057629,5.85e-06,-3.223626280450848,0.026174774280920982,0.10409585729153568,-1.44975011
375.0,0.20953972,0.0005502,7.45e-06,-2.9730998198985037,0.026206780533640613,0.10251373782350473,-1.42832765
376.0,0.20953274,0.00054898,4.93e-06,-2.517238938714896,0.026024558849296036,0.1023413764455126,-1.42530485
377.0,0.20949855,0.00056213,2.09e-06,-0.7780504216952999,0.02605130976821007,0.10184409872152778,-1.45934422
378.0,0.20952802,0.00057345,1.18e-06,-2.4907229496033945,0.026246244526636212,0.10405842996428841,-1.43949887
379.0,0.2095042,0.00057783,1.39e-06,-1.2571246565538086,0.02629494694527301,0.10318809119879417,-1.4054595
380.0,0.20948459,0.00055113,3.44e-06,0.07110158958042467,0.026152171985909092,0.10471524534039266,-1.41479076
381.0,0.20955471,0.00052167,4.5e-06,-3.380024619801718,0.026014757214875554,0.10120668462482861,-1.47314397
382.0,0.2095043,0.00049538,3e-06,-0.3527721932567406,0.026098582940517395,0.10373093922831493,-1.42924763
383.0,0.20943623,0.00052098,7.1e-07,3.0726587638006992,0.026168669411699576,0.10407093616093091,-1.45829281
384.0,0.20951611,0.00052309,2.6e-07,-1.2626277926956335,0.026359347306882486,0.10298386516368827,-1.40348811
385.0,0.20950738,0.00052528,6.5e-07,-0.8105965568387663,0.026047415757661195,0.10141678062302285,-1.38521987
386.0,0.20950307,0.00054371,-7.6e-07,-0.7626183020568116,0.02612268536105821,0.10486142972950736,-1.45618999
387.0,0.20950871,0.00056424,-1.08e-06,-1.2933828166426893,0.02614246234743115,0.1033620978333033,-1.41452791
388.0,0.20950512,0.00055791,3.6e-07,-1.0620903751828887,0.026315860446355956,0.10256325602521478,-1.39915105
389.0,0.2094543,0.00052395,3.56e-06,2.0042803371050244,0.026082326437420172,0.10633665880471432,-1.36458597
390.0,0.20953366,0.00052171,2.41e-06,-2.2134750476125515,0.026030367320912306,0.10279194413992518,-1.38298563
391.0,0.20947042,0.00051826,3.8e-07,1.2648450575945742,0.026171826281411518,0.10434543493299771,-1.4200478
392.0,0.20943828,0.00054744,1.8e-06,2.6387993407723656,0.02613156674395999,0.10243630091882203,-1.45579572
393.0,0.20947997,0.00057183,4.08e-06,0.07391307184314935,0.026000851775726048,0.10427473270432873,-1.43227043
394.0,0.20943716,0.00056055,5.79e-06,2.4770860446615304,0.026134244903891466,0.10648750951434444,-1.39349972
395.0,0.20954075,0.00052601,5.88e-06,-2.7399176924830533,0.02634745804465299,0.10028348903448155,-1.39915105
396.0,0.20950194,0.00053312,4.24e-06,-0.6748694684122419,0.02610878776074488,0.10264381733916389,-1.37943712
397.0,0.20952103,0.00054614,2.26e-06,-1.8009887297143943,0.025935833461928456,0.10433006009604018,-1.3963911
398.0,0.20947904,0.00052395,9.8e-07,0.7183412107943745,0.025964845316701447,0.10385688510417533,-1.40585378
399.0,0.20948952,0.00053855,2.33e-06,-0.031803991840985354,0.026077373431619474,0.10314613600788822,-1.4602642
400.0,0.20952483,0.00057491,4.65e-06,-2.376361813265988,0.025993032972215047,0.10434851668682345,-1.42872193
401.0,0.20948377,0.00057832,6.48e-06,-0.24689143544232095,0.025959649188945333,0.10114066147357252,-1.44278453
402.0,0.20953428,0.00053409,7.66e-06,-2.4697594949603356,0.0258860142669001,0.10527131927093959,-1.48129239
403.0,0.20948756,0.00051924,6.9e-06,0.2062385831134517,0.02606385326680991,0.10446029876945924,-1.3913969
404.0,0.20951436,0.00051879,5.04e-06,-1.19909185445186,0.026158793042814935,0.1038290288167148,-1.42885336
405.0,0.20950142,0.00053965,6.2e-06,-0.7597650078890135,0.026202540816710942,0.10321204687892825,-1.41360792
406.0,0.20952853,0.00053697,7.33e-06,-2.2187955080952273,0.026239694395912994,0.10177551800455596,-1.39599682
407.0,0.20950943,0.0005459,4.53e-06,-1.2289353573089337,0.02613176649598232,0.10239019648290114,-1.41321364
408.0,0.20951693,0.00056371,2.03e-06,-1.7939158699500692,0.026220424511500952,0.10309110910594614,-1.42070493
409.0,0.2095043,0.00053336,1.71e-06,-0.7539342779139009,0.02598308109227076,0.10457756414576468,-1.42017923
410.0,0.20949229,0.00051863,1.23e-06,0.06401288318529202,0.025995746960360337,0.10403034309029877,-1.43056189
411.0,0.20951518,0.00050901,4.3e-07,-1.0397174737597128,0.02598236935557523,0.10331615852508018,-1.44055028
412.0,0.20951272,0.00049315,-1.92e-06,-0.6868954849133329,0.02600748960001741,0.10381651688333847,-1.44436164
413.0,0.20947186,0.00052354,-1.57e-06,1.1593346107389455,0.026072054881349328,0.10155615488491875,-1.4225449
414.0,0.20950635,0.00051761,-5.3e-07,-0.6472969494250513,0.026059788392702555,0.10169230502917884,-1.40467094
415.0,0.20949968,0.00049769,2.47e-06,-0.12015418935265099,0.026064051065716853,0.10435959595753941,-1.40703661
416.0,0.20948674,0.00050974,2.89e-06,0.4341071790248724,0.026202002983644085,0.1042036354202513,-1.41860212
417.0,0.20948428,0.00050374,2.36e-06,0.644555319320489,0.026188945442110135,0.10377999749675852,-1.42924763
418.0,0.20949999,0.00049692,-8e-08,-0.08111367583911724,0.026172193038665418,0.09968243190888154,-1.41032227
419.0,0.20947186,0.00051839,-1.75e-06,1.2226191310128778,0.026112870647146548,0.10459246876428153,-1.43503038
420.0,0.20944506,0.00051855,-7.6e-07,2.641420875588299,0.02607313335739057,0.10341304267487449,-1.42293918
421.0,0.20950235,0.00054988,2.69e-06,-0.8522540796498024,0.025955590441101385,0.10319129222473601,-1.4049338
422.0,0.20947504,0.00056071,2.58e-06,0.4908045169456092,0.025987832386562496,0.10331796425064216,-1.46762407
423.0,0.20950933,0.00057248,5.57e-06,-1.5288176228557249,0.025887571689806703,0.10408548264072694,-1.44147027
424.0,0.2095659,0.00057994,7.68e-06,-4.69820631878553,0.026031113425030547,0.10392086484277402,-1.47577249
425.0,0.20955984,0.00058185,7.64e-06,-4.385492239872657,0.02598354440297655,0.10134407346488312,-1.42845908
426.0,0.20951682,0.00060575,6.07e-06,-2.32802046595633,0.02608446746594035,0.10276083363794845,-1.43266471
427.0,0.20938634,0.00061225,5.26e-06,4.644520064483044,0.026149936592310546,0.10414714512583553,-1.45132723
428.0,0.20949455,0.00058851,4.83e-06,-0.9173290422159901,0.026228790332061082,0.10075810043520078,-1.40020245
429.0,0.20941026,0.00062215,5.12e-06,3.2521480477227973,0.026203310322995225,0.1038868835431162,-1.46315558
430.0,0.20932525,0.00063392,6.42e-06,7.684050984405633,0.026192263363314268,0.1030789972236423,-1.4622356
431.0,0.2094619,0.0006413,5.44e-06,0.2381680731410578,0.02614103285137477,0.10406761225374847,-1.42727624
432.0,0.20945009,0.00063858,4.41e-06,0.9204818072539336,0.026018060334208032,0.10406597271081262,-1.37851714
433.0,0.20939691,0.00060255,6.32e-06,4.162104185083878,0.026135224201279405,0.10085731938012867,-1.41176796
434.0,0.20943479,0.0006118,7.56e-06,1.9824849492628869,0.025995711509777475,0.1034274120415962,-1.4305619
435.0,0.20943243,0.00062539,8.04e-06,1.9528792029779758,0.026068418886243692,0.1019049502662086,-1.39625967
436.0,0.20946385,0.00063136,4.85e-06,0.2557863230185122,0.026083264507176296,0.10540452641291845,-1.42596198
437.0,0.20945522,0.00063396,3.86e-06,0.7075218780282329,0.026023990058566933,0.10250527698258396,-1.40375096
438.0,0.20946898,0.00062933,1.98e-06,0.055921001081571185,0.02602367656700072,0.10000847731418129,-1.42491057
439.0,0.20945276,0.00062909,9.6e-07,0.9493631232869211,0.02605806289343412,0.10200304815383837,-1.41755071
440.0,0.20945759,0.00063258,1.71e-06,0.6388569527366006,0.02615259649349966,0.10244139852484622,-1.40953371
441.0,0.20944824,0.00062795,3.01e-06,1.1712449804276386,0.02615178881540612,0.10220449567338473,-1.44252167
442.0,0.20945317,0.00062365,5.93e-06,0.8988468008147096,0.02613181221450624,0.10316429612570545,-1.40927086
443.0,0.20944588,0.00063542,7.77e-06,1.121593014449128,0.02606371378649476,0.10203855267895373,-1.42517342
444.0,0.2094659,0.00060872,6.57e-06,0.37017529374342434,0.026179952162279523,0.10035348230389673,-1.40992799
445.0,0.20941919,0.00056712,7.75e-06,3.3361709650509885,0.026145171329714553,0.10260381065301809,-1.41571074
446.0,0.20949588,0.00054963,7.18e-06,-0.5890842810810546,0.026085477728372965,0.10379790032319748,-1.42727624
447.0,0.20947319,0.00055332,6.5e-06,0.5992566900192686,0.025939567198730525,0.10227086247003843,-1.41334507
448.0,0.20943079,0.00055791,4.17e-06,2.864161403264264,0.025987503679663623,0.10265882122380991,-1.42175634
449.0,0.20943767,0.00057264,7.8e-07,2.390484283185514,0.02596188158690203,0.10334160848964863,-1.46985831
450.0,0.20947227,0.00060137,-6.7e-07,0.24206823509047548,0.02592043092008403,0.10366637710837338,-1.41899639
451.0,0.20945923,0.00058595,-1.38e-06,1.1261815922010021,0.02594694501772824,0.10357781304825635,-1.47012117
452.0,0.20948315,0.00058563,6.7e-07,-0.18886823690214613,0.026046247991361952,0.1017287210059285,-1.43818461
453.0,0.20947607,0.00059894,3.87e-06,-0.017783622907320534,0.02601709440098448,0.10133776780618038,-1.39783678
454.0,0.2094351,0.00058019,3.71e-06,2.4025503354451123,0.02610726709432691,0.10187392505813841,-1.41084797
455.0,0.20944711,0.00054882,5.13e-06,2.0790625681446793,0.02605185558954642,0.10209909934973552,-1.4115051
456.0,0.20942453,0.00054829,6.5e-06,3.284586659540123,0.02614756652079728,0.10326442738031069,-1.40966514
457.0,0.20941323,0.00057999,8.67e-06,3.4881339317567437,0.026094148996626244,0.10223039958216674,-1.39560254
458.0,0.20944537,0.00056805,9.05e-06,1.8902806157381111,0.026148707889042447,0.10264664324948534,-1.41045369
459.0,0.20940235,0.00056521,5.91e-06,4.299179672186482,0.026141287417120178,0.10071773513486526,-1.41005942
460.0,0.20944054,0.00053993,4.19e-06,2.551458829000481,0.026071603129790216,0.10255355656303616,-1.39612824
461.0,0.20942822,0.00056428,3.76e-06,2.9617454762603086,0.02619807626703339,0.10239087694628095,-1.42359631
462.0,0.20951108,0.00058279,5.47e-06,-1.7572219695112723,0.026206646443252,0.10136293526732788,-1.39967675
463.0,0.20949239,0.0005782,7.39e-06,-0.7312264644014096,0.026221914381130165,0.10343687310097201,-1.43043047
464.0,0.2094695,0.00054229,8.84e-06,0.8882801803698644,0.02627131678646688,0.10435001218791103,-1.42017923
465.0,0.20948993,0.00052675,1.02e-05,-0.06714037171191332,0.02609570805674387,0.10415232724459549,-1.33291227
466.0,0.20949198,0.00052646,5.89e-06,-0.09446427651965639,0.026212511113153786,0.10182926988257357,-37.7819954
467.0,0.2095006,0.00053003,4.6e-06,-0.5755050580207436,0.026152862794928157,0.12549613481949282,-158.43308631
468.0,0.20949424,0.00056185,2.79e-06,-0.5572559860242687,0.02609538088400018,0.12737696408115026,-158.59552918
469.0,0.20949095,0.00057982,4.6e-06,-0.6162532841128044,0.026081586276864355,0.1250960101092597,-158.74193805
470.0,0.20948479,0.00055259,2.5e-06,0.06105635830581346,0.026036142396542707,0.12711094726308192,-158.70369301
471.0,0.20948613,0.0005474,3.54e-06,0.028305503723623372,0.02611582279597631,0.12862422835220835,-158.70711009
472.0,0.20950276,0.00056359,3.75e-06,-1.0507090978624531,0.02603104005460469,0.12719471914018662,-158.75245215
473.0,0.20949414,0.00055763,1.71e-06,-0.48083510926165957,0.025915112523138852,0.12770619281178694,-158.65953378
474.0,0.20949064,0.00054192,3.15e-06,-0.144560030258075,0.02595049035459731,0.12946427298347693,-158.75297786
475.0,0.20941056,0.00054501,1.67e-06,4.144259064961291,0.026018913130863543,0.12800351172037225,-158.6721507
476.0,0.20952114,0.00053758,5.08e-06,-1.7758625293885466,0.026124924357316455,0.1267426094792641,-158.72274982
477.0,0.20943952,0.00051899,3.25e-06,2.862814502680953,0.026100519087085765,0.12706028543341405,-158.69777882
478.0,0.20948469,0.00052861,2.67e-06,0.3338142025096939,0.02608788601237098,0.12633220332750025,-158.70776722
479.0,0.20943551,0.00053324,4.53e-06,2.8797358825988786,0.025970813064883382,0.12864704659080245,-158.71552137
480.0,0.20951118,0.00056327,5.37e-06,-1.528779817873554,0.02602310117763474,0.12825514514523764,-158.84129631
481.0,0.20947299,0.00054346,5.22e-06,0.7458814746201233,0.025999388233884892,0.024808649614435678,-49.60747311
482.0,0.2095045,0.00056594,6.02e-06,-1.2064548114940126,0.02589704605970205,-0.49275309598747247,411.54189795
483.0,0.20947658,0.00054866,2.17e-06,0.5513243475642121,0.025992743387409274,-0.5165189837028559,434.39013435
484.0,0.20949598,0.00053896,1.26e-06,-0.36399614680169706,0.02607939158847352,-0.5156802496101192,434.5860914
485.0,0.20948962,0.00054083,1.26e-06,-0.04289104766101171,0.026012054655547113,-0.5154603610395386,434.6355078
486.0,0.20949064,0.00052269,9.8e-07,0.11190735077286429,0.026095313103332123,-0.529434731509519,445.99694588
487.0,0.20948017,0.00052528,5.8e-07,0.6558681115885997,0.026186757927990467,-0.48559333044250275,410.08913614
488.0,0.20948274,0.0005588,3.3e-07,0.1425267762757448,0.026224151306293478,-0.3642727459802095,314.28605679
489.0,0.20949444,0.00057743,4.26e-06,-0.7792058654142483,0.02636859204837623,-0.3669445014214185,314.10981405
490.0,0.20949876,0.00058173,6.58e-06,-1.096863047641274,0.026132242564693948,-0.36498955850703024,314.10468842
491.0,0.20952134,0.00059784,8.61e-06,-2.5376572385629457,0.02617133724217218,-0.36558616611841416,314.0228098
492.0,0.20951693,0.00056509,9.78e-06,-1.9419399986989336,0.02605310070135593,-0.3650991103014305,313.43165406
493.0,0.20950666,0.00056534,1.006e-05,-1.3967414621829453,0.02602851676533095,-0.36565707634290223,313.76087708
494.0,0.20951929,0.00058408,9.91e-06,-2.286678983735781,0.026070759725935668,-0.3660774929807401,313.37632357
495.0,0.20948202,0.00057394,7.77e-06,-0.12831086301180727,0.026041544988371676,-0.36290354122763946,313.37264363
496.0,0.20949845,0.0005345,5.06e-06,-0.5169849366826382,0.026068886985748066,-0.3635055218761394,313.03790078
497.0,0.20951693,0.00051384,5.3e-06,-1.285059264848087,0.02612720249283602,-0.3630364209031372,312.94209091
498.0,0.20945902,0.00050832,7.96e-06,1.852138184359382,0.02618568662380279,-0.3617065197722348,313.26474259
499.0,0.2094849,0.00053072,8.17e-06,0.19722598524870044,0.026187821130069504,-0.35898489054564003,313.06274029
500.0,0.2094966,0.00051068,6.41e-06,-0.17535960983838955,0.026247398415311728,-0.3564842826393659,313.21480058
501.0,0.20951066,0.00050337,5.29e-06,-0.830618789131331,0.02618634049898578,-0.3521836759430413,313.24962856
502.0,0.20955861,0.00052252,5.72e-06,-3.642251494515726,0.026163792150536633,-0.3473234725661789,313.71763781
503.0,0.20944814,0.00051717,5.81e-06,2.370242047115161,0.02608302493570177,-0.34111188248782315,313.51957829
504.0,0.20949116,0.00055426,8.41e-06,-0.4092111559290213,0.026020827848219075,-0.3408128864564006,313.50538425
505.0,0.20951077,0.00058481,8.49e-06,-1.806094205831792,0.02600968598280708,-0.3352143973796838,313.78519096
506.0,0.20945091,0.00064057,1.538e-05,0.6456120289123204,0.025814903311101388,-0.3281584065464738,313.56570894
507.0,0.20946642,0.00070465,3.075e-05,-1.1812277892028853,0.025879238546770274,-0.3210433046005596,313.32414731
508.0,0.2093925,0.00081486,4.912e-05,1.1844492999190124,0.025695533057443265,-0.31449913042690497,313.55742908
509.0,0.20924825,0.00096667,7.592e-05,6.655385445547207,0.025704644226057328,-0.30891133642201174,313.697661
510.0,0.20904456,0.00114595,0.00011347,14.791345252213716,0.025734448725702592,-0.30787182112559874,313.6248508
511.0,0.20894076,0.00131553,0.00015793,17.58605977483787,0.025712937993205447,-0.2912329650405118,313.62669077
512.0,0.20862054,0.00149241,0.00019985,31.641451768524277,0.02556307548627256,-0.268305518037313,313.52115541
513.0,0.20837599,0.00163513,0.00023939,41.993237101057616,0.02542130320246766,-0.2567102809399392,313.30114769
514.0,0.20814335,0.00178872,0.00027617,51.66832691691716,0.02534478927904687,-0.2523634015060693,313.35043258
515.0,0.20800783,0.00194544,0.0003087,55.85227614517617,0.025078315605012266,-0.25266337197021127,312.77123716
516.0,0.20776533,0.00210378,0.00034453,66.09537085946425,0.025106634686669065,-0.24237605666536388,313.2533085
517.0,0.20749675,0.00230011,0.00038446,76.72012197813869,0.02497117423993973,-0.21142802084047707,313.16170433
518.0,0.20730456,0.00248032,0.00041608,83.8285019860523,0.024891089825633723,-0.1768692896769393,313.04197492
519.0,0.20714461,0.00262259,0.00044385,90.65436037481646,0.02507073714341353,-0.15606587502454577,312.99544999
520.0,0.20687521,0.00273447,0.00047185,102.26208244507566,0.024932982170341088,-0.14349575624770639,312.86244653
521.0,0.20678394,0.0028093,0.00049528,105.88168835509923,0.024970094795093954,-0.12376106621799726,312.69763788
522.0,0.20662019,0.00292616,0.00051407,111.86473075258033,0.024785861551130245,-0.09924490532827875,312.63047901
523.0,0.20649267,0.00304015,0.00052926,116.25023742322666,0.024652449176025475,-0.07409126732670654,312.51311528
524.0,0.20637204,0.00314789,0.00053688,121.90547513170853,0.024819284912817145,-0.0664268716985833,312.3326669
525.0,0.20622841,0.00322905,0.00054181,127.57998062840184,0.02468574949363104,-0.04862005738838978,312.25275968
526.0,0.20612061,0.0032762,0.00054678,133.0740209802167,0.024801692340994937,-0.037944564462467974,312.08111686
527.0,0.20607646,0.0032969,0.00054484,135.20237031808915,0.024814400846549223,-0.023123678397256948,311.96572452
528.0,0.20593211,0.003346,0.00054163,142.85197582108532,0.02494975024092919,-0.017697430823416665,311.91565108
529.0,0.20594125,0.00343613,0.00053992,141.2172554356716,0.024906433609566066,-0.003035581203953795,311.74059119
530.0,0.20589269,0.00352248,0.00054158,141.69058945386232,0.024720923370427007,-0.0020558776490151105,311.6254617
531.0,0.20580706,0.00359723,0.00054306,145.2690678864568,0.024729863958204933,0.012625719791282908,311.4693272
532.0,0.20568202,0.00364787,0.00054585,150.34765351223677,0.024619778930495394,0.03165288556226632,311.3531463
533.0,0.20559259,0.0037029,0.00054649,154.73015831968226,0.024693374058183466,0.037018824829325704,311.23381118
534.0,0.20555142,0.00376307,0.00054703,155.81714021160573,0.02463712780660379,0.04271480626500122,311.13077292
535.0,0.2054464,0.00379428,0.00054745,160.56122867605137,0.024603978949101973,0.05230157040273082,310.98147258
536.0,0.20534784,0.0038099,0.00054496,165.06498367068298,0.024554068549246712,0.05866486814531663,310.80733267
537.0,0.20528562,0.00383677,0.00053876,168.04655840487038,0.024558453947777475,0.06410712212596585,310.69272889
538.0,0.20524219,0.00390173,0.00053263,170.52487378808402,0.024683702695024068,0.06857833480377323,310.56117112
539.0,0.20520718,0.00397952,0.00052565,170.6024909608944,0.024539842412517717,0.0766620267170743,310.41647071
540.0,0.2051384,0.00404015,0.00051863,173.8171422374853,0.024578218908317705,0.07480907054261944,310.27163887
541.0,0.20505164,0.00409331,0.00051071,177.43808436944778,0.02453366184927507,0.08368179141487792,310.11655578
542.0,0.20497998,0.00415061,0.00050347,179.5832270040269,0.024400640098503627,0.08043095789705407,309.9775067
543.0,0.20495637,0.00421687,0.00049723,180.10537356527075,0.02438968048117809,0.07848815784319522,309.83214916
544.0,0.20483224,0.0042577,0.00049135,186.23237087636574,0.024424116261232035,0.08188908980426224,309.70650557
545.0,0.20475658,0.00429446,0.00048327,189.16751872570066,0.024347108425998715,0.08665072349142049,309.48938925
546.0,0.20476705,0.00431382,0.00047541,188.6226228978739,0.024352224556562146,0.08826535172137077,309.41211056
547.0,0.20474939,0.00430899,0.00046764,188.32908161742512,0.02417848907028679,0.08681728655006797,309.2482219
548.0,0.20471685,0.0043238,0.00046084,189.3243336688316,0.024105244966465166,0.08001969881006998,309.10838427
549.0,0.20470689,0.00434742,0.00045697,191.90093823836114,0.02439256996980713,0.0807596172352263,308.98050643
550.0,0.20471572,0.00432246,0.0004492,191.9134970885913,0.02440069601009505,0.08318719050702508,308.84526872
551.0,0.20475956,0.00430412,0.00044359,189.28217033215893,0.02430674387551794,0.0745179430823308,308.75760735
552.0,0.20477629,0.00426646,0.00043714,189.79158542435474,0.024415480625973898,0.07772348527940182,308.55639361
553.0,0.20482085,0.00423079,0.0004291,188.61383281332058,0.024485559656367013,0.056387160223346694,308.46886367
554.0,0.20490976,0.00420235,0.00042005,185.58852941334257,0.024614419405224325,0.05216726881841128,308.34164296
555.0,0.20497629,0.00417853,0.0004142,182.31056988255014,0.024576512160175097,0.042396497598115535,308.21875933
556.0,0.20506858,0.00414407,0.00040676,177.82300238673702,0.024529737800656117,0.03821501421550095,308.08983009
557.0,0.20511848,0.00412172,0.00040052,173.8956409241246,0.02428330802735908,0.022752835119097495,307.99822592
558.0,0.20514784,0.00408552,0.00039289,173.5963392385901,0.024375613127260155,0.02425128673443562,307.82868594
559.0,0.20518377,0.00402197,0.00038444,173.1459157331852,0.024452196122473485,0.028991561778683585,307.71171649
560.0,0.20528346,0.00396727,0.00037602,169.3414749888338,0.02452010368613431,0.024527719152825336,307.6030269
561.0,0.20534517,0.00393606,0.00036844,165.75256558001945,0.024380498833586044,0.025307233388890033,307.48053755
562.0,0.20537237,0.00390169,0.00036501,165.82588830960367,0.024530927830021473,0.008100675168718333,307.38262492
563.0,0.20544886,0.00388153,0.00036262,162.89793383983533,0.02463047788432832,0.008764646942455144,307.28865509
564.0,0.20545173,0.00384281,0.00035742,163.20148051675864,0.0246238104226724,0.011383325551541156,307.13041777
565.0,0.20548438,0.00381209,0.00035259,161.62173571126874,0.024572331965386114,0.012739079289405139,306.99557434
566.0,0.20551436,0.00382768,0.00034889,159.81712354598469,0.024541562759833564,0.018186528544398603,306.93183256
567.0,0.20552997,0.00384026,0.00034647,157.30093988382345,0.02428770866031791,0.025182839150092083,306.80132621
568.0,0.20553962,0.0038504,0.00034649,157.4628875523852,0.02440326074795227,0.03769964414892145,306.66319712
569.0,0.20553602,0.00384886,0.00034702,157.2556490299072,0.024342318022689578,0.03601804977440004,306.56607305
570.0,0.20548017,0.00381047,0.00034458,160.40801912371163,0.024332638543734835,0.03565087410713693,306.40455008
571.0,0.20549896,0.00379241,0.00034439,160.79331625962945,0.024505069934512454,0.028903510996443883,306.29323196
572.0,0.20557801,0.00377326,0.00034427,158.61817187113263,0.024752564607010273,0.025258691964418777,306.20044497
573.0,0.20552196,0.0037438,0.00034114,161.63796599721985,0.02472510404740106,0.020624679752765145,306.0958296
574.0,0.20554732,0.00375248,0.00033566,158.26469121587763,0.02440198662570067,0.02210067664821168,305.95139205
575.0,0.20560173,0.00372761,0.00033164,156.64403986559788,0.02452244328984243,0.02318576606036576,305.86635921
576.0,0.20568961,0.00368171,0.00032845,151.89530995840704,0.024382598478429714,0.020791080238537322,305.74952119
577.0,0.20561272,0.0036755,0.00032742,156.32647643112693,0.024463186612860895,0.02340914677565338,305.64976859
578.0,0.20566251,0.00370878,0.00033041,152.473992648596,0.024309171626851554,0.02562121336009142,305.52241647
579.0,0.20568581,0.00372846,0.00033123,152.69800130010992,0.024566397662055754,0.0220649280720631,305.40873268
580.0,0.2056891,0.00369076,0.0003311,153.09476114024108,0.024593462785069284,0.015229196969809967,305.27717492
581.0,0.20572801,0.00365383,0.00033016,152.27190660041788,0.02471270807764334,0.02599210653265128,305.18596504
582.0,0.20570214,0.00363841,0.00032667,152.92656966882467,0.02457214085638852,0.020508475099227274,305.06636707
583.0,0.20573027,0.00361443,0.00032379,150.46707950731286,0.02435456824153841,0.005842860626920551,304.96819159
584.0,0.20573222,0.00358911,0.00032281,151.87351409727745,0.02455280637030079,0.011472907706372647,304.8609477
585.0,0.20575532,0.00357361,0.00032068,150.65323212878374,0.024510896422989623,0.02588765862389303,304.72308147
586.0,0.20577021,0.0035775,0.000318,148.88091819649082,0.02434224513289971,0.02878618220127703,304.65079698
587.0,0.20575132,0.00358822,0.00031775,150.60390785333811,0.02448667328454245,0.02511510178640484,304.56628984
588.0,0.20567154,0.00361995,0.00031549,154.0666127739981,0.024447976746205295,0.026571510510150383,304.44721758
589.0,0.20572575,0.00364499,0.00031654,150.79757948019667,0.02440244142516452,0.029513524465127543,304.34365362
590.0,0.20568756,0.00365599,0.00031759,152.17057296010685,0.02433814934540584,0.0299239205044375,304.24455816
591.0,0.20569085,0.00365603,0.00031395,152.67484454884828,0.024435180200456656,0.03728729571056669,304.11405181
592.0,0.20569239,0.00364953,0.00031431,152.2830520027902,0.024375036317277454,0.031232795820840056,304.03322461
593.0,0.20568458,0.00361386,0.00031441,152.13979262645694,0.024231967191183826,0.022201945822363848,303.91257523
594.0,0.2057545,0.00356805,0.0003134,149.90751789294845,0.02435335382035432,0.023887295760994298,303.79140015
595.0,0.20574495,0.0035461,0.00031271,149.61532220781484,0.024190751875716003,0.033341123937825595,303.71307005
596.0,0.2057431,0.00353534,0.00031109,151.02278435894834,0.024380993202257426,0.022836733325145797,303.60017483
597.0,0.20576487,0.00353782,0.00030747,150.04472133988364,0.02439257405126842,0.019998249702547655,303.47991973
598.0,0.20577719,0.00354553,0.00030431,150.93283536979783,0.024642080771328543,0.012369392821321754,303.42182928
599.0,0.20578643,0.00351992,0.00029911,150.37860855167204,0.02456934651960126,0.01208190817837947,303.30249417
600.0,0.20581795,0.00347021,0.00029759,150.16526975588505,0.024705643021075478,0.015964812005716273,303.23954095
601.0,0.20586035,0.00344177,0.00029279,147.8736841861137,0.02461759830838829,0.01445412900661868,303.10390897
602.0,0.20588519,0.00343113,0.00029154,146.1310903546641,0.02451295432186737,0.010374913012574323,303.00008217
603.0,0.2059238,0.00341612,0.00029114,144.39745193381458,0.024519830105149732,-5.485702279792653e-05,302.91281508
604.0,0.20597184,0.00341636,0.00028961,142.13134292226883,0.024540670857338156,0.0016697424443148656,302.83619352
605.0,0.20596158,0.00342107,0.00028346,143.17462243789123,0.024621629868666922,-0.00365146403995237,302.73460097
606.0,0.20596466,0.00338845,0.00028004,142.68979192683128,0.024496532415227933,-0.009681137906331943,302.64772816
607.0,0.20601086,0.00339425,0.00027893,139.89536115276312,0.024420238435716786,-0.008452688007065045,302.58464352
608.0,0.20601784,0.00335939,0.00027402,140.75995232107505,0.024554354329864875,-0.002658647925897986,302.46162846
609.0,0.20602205,0.00332652,0.00027299,140.21286407686304,0.024433259171175815,-0.004764626232481312,302.38934398
610.0,0.2060319,0.00333918,0.00027331,139.64039131274313,0.02444315844791455,-0.01070576455391378,302.29997407
611.0,0.20599074,0.00335537,0.00027835,141.14830069759523,0.02439180697439125,-0.018507202847435483,302.18550173
612.0,0.20604012,0.00335351,0.00026967,138.95413641992167,0.024409911510166943,-0.0236167411935504,302.1154515
613.0,0.20605542,0.00333029,0.00026885,140.22093865774934,0.02472326845222011,-0.018911593536111243,302.01832743
614.0,0.20604618,0.0033109,0.00026275,140.14109643091933,0.024573098332373648,-0.015981626230713156,301.92803754
615.0,0.20610511,0.00330976,0.00026148,136.788088131271,0.02449742784774419,-0.025161000345662283,301.87362704
616.0,0.20609638,0.00330359,0.00025749,138.17341677300826,0.024642736526621325,-0.018395827294714704,301.78465141
617.0,0.20614586,0.00326837,0.00025996,135.41798614655707,0.024536929320404136,-0.01210889751767983,301.65283079
618.0,0.20612821,0.00322962,0.00025573,136.99200287443227,0.024574898603408328,-0.018898408767769822,301.58751191
619.0,0.20615367,0.00321546,0.00025104,135.73384453118067,0.02453770667549982,-0.0185357512942576,301.50445046
620.0,0.20610172,0.00323579,0.0002467,138.76875929720052,0.024637454309106986,-0.02458659926433206,301.42099474
621.0,0.20618447,0.00323822,0.00024598,134.5327097508311,0.024628410318405992,-0.020954505098658153,301.33307052
622.0,0.20619925,0.0032114,0.00024728,133.95627801936234,0.024612155544458354,-0.026491092732210373,301.25316331
623.0,0.20618395,0.00318604,0.00024659,135.11934483757932,0.024633241407531817,-0.03333709109633513,301.17154756
624.0,0.20619514,0.0032183,0.00024356,133.3882153552877,0.02447132564863621,-0.04147611150229143,301.11069716
625.0,0.20619453,0.00321436,0.00024035,132.5009808801074,0.024285490085518047,-0.048204979833667165,301.0180416
626.0,0.20619473,0.00321562,0.00023385,133.77150216293163,0.02450205978730208,-0.04228738995541926,300.94391715
627.0,0.20622656,0.00324366,0.00023147,131.42466044586754,0.024409242948130738,-0.043968203537442414,300.84902733
628.0,0.20618241,0.0032413,0.0002297,134.39695130658438,0.024539024740170855,-0.04570213354587636,300.76609732
629.0,0.20622122,0.00323814,0.000226,132.4636915852755,0.024524225159161746,-0.04644504479628927,300.70892686
630.0,0.20623652,0.00323643,0.00022241,131.18523511508553,0.024414458332724598,-0.04736473134865968,300.60418007
631.0,0.20626855,0.00319999,0.00021852,130.33807693359046,0.024472725350798398,-0.04207982600436742,300.49286197
632.0,0.20623026,0.00318161,0.00021687,133.13900964950756,0.024595203022920717,-0.039164520343428655,300.48090217
633.0,0.20626691,0.00319139,0.00021392,131.2916055942283,0.024604449900548622,-0.04331445733082939,300.37300115
634.0,0.20626917,0.00317938,0.00021559,131.7206029240277,0.0246881402744739,-0.04682146828678448,300.28717976
635.0,0.20631372,0.00314627,0.00021598,128.89355150208115,0.024514237103881505,-0.046043947043297756,300.2175238
636.0,0.20629843,0.00311794,0.00021484,129.19037457959013,0.024366194865358792,-0.05159444276594697,300.16350758
637.0,0.20641475,0.00310496,0.0002131,124.22076411412465,0.024498684436950594,-0.05499102352791734,300.08596604
638.0,0.20631352,0.00310114,0.00020983,129.50940060158436,0.024520034277053616,-0.053829783684143505,299.99186479
639.0,0.20640356,0.00307525,0.00020934,124.75497443075814,0.024420173076890758,-0.06277755226383691,299.90315201
640.0,0.20635428,0.00306831,0.00020958,128.17652311638236,0.024590693788850454,-0.06677678749711123,299.83165609
641.0,0.20636578,0.00308414,0.00020743,127.62355111845785,0.02462042387117134,-0.06313220656167638,299.76962286
642.0,0.2063859,0.00305991,0.00020428,126.8545045812641,0.024608387772261306,-0.06855958972939916,299.71008673
643.0,0.20639781,0.00305087,0.00020164,128.0581047615579,0.024932327508434552,-0.06532684968955756,299.62544817
644.0,0.20643292,0.00304165,0.00019785,125.16817864921423,0.024683685950089,-0.06762960633168252,299.58930593
645.0,0.20642286,0.00303776,0.00019611,124.68680591379544,0.02447541030478148,-0.0692343599574984,299.46458234
646.0,0.20646341,0.00303666,0.00019457,122.24625002860843,0.024386572836997345,-0.07247326769964482,299.37363532
647.0,0.20653487,0.00301223,0.0001954,119.03950411565356,0.024412266699405983,-0.07363607447157354,299.35470993
648.0,0.2064976,0.00300659,0.00019266,121.53565421042308,0.02451843036788151,-0.08362192259743852,299.29057388
649.0,0.2064361,0.00301621,0.00019074,124.88647302737648,0.024583113900981828,-0.08018063068512711,299.22118078
650.0,0.20652799,0.00301694,0.00018771,119.36319293565606,0.024391032902210605,-0.08160680441405374,299.14455923
651.0,0.20651054,0.00301832,0.00018598,121.35925594397429,0.02461587334728389,-0.09169961332101759,299.04441236
652.0,0.2065321,0.00299495,0.00018645,121.48582225073015,0.024815634659551094,-0.08884525907917074,299.01497286
653.0,0.20655355,0.00303451,0.00018661,119.88464140283556,0.02479688037172766,-0.09147056352855573,298.96069379
654.0,0.20657522,0.0029581,0.00018663,118.51949598382704,0.02457536063530837,-0.09496480573551848,298.87382098
655.0,0.20660509,0.00296236,0.00018633,116.76722361687015,0.024531539587361244,-0.09613902963939411,298.78523964
656.0,0.20661413,0.00292446,0.00018297,117.18099522773052,0.024618772746893575,-0.09728100797791141,298.72057788
657.0,0.20661259,0.0029344,0.00017785,116.82252170897961,0.02453036304602917,-0.10471448139287903,298.63055084
658.0,0.20662019,0.00292418,0.00017494,117.30279101079103,0.024678800273018105,-0.10651676156351092,298.56588909
659.0,0.20663014,0.00294921,0.00017359,116.31706235012608,0.024627247676825614,-0.10377336729817654,298.53303251
660.0,0.2066286,0.00294223,0.0001718,116.41323450514449,0.02460913839917774,-0.10200265082240983,298.47297067
661.0,0.20660663,0.00291598,0.0001741,117.71219796258984,0.024600015487257234,-0.10224791230965792,298.38793784
662.0,0.20661649,0.0028976,0.00017554,115.96162811871208,0.024302299749085314,-0.10385803533218979,298.34785281
663.0,0.20664462,0.00289975,0.00017267,116.17995092747078,0.024640030660014592,-0.10581818545745134,298.27320265
664.0,0.20668107,0.00291707,0.00016912,114.27022655423535,0.024651012918810753,-0.11263780353157547,298.22155211
665.0,0.20665571,0.00293509,0.00016966,115.98452608520881,0.024785861113424564,-0.11056694648488595,298.18698698
666.0,0.20664349,0.00295063,0.00017032,115.49667311174039,0.024587140232332924,-0.11017817831518387,298.0478065
667.0,0.20667901,0.00295384,0.00016821,113.3304481806336,0.024505185465182253,-0.11479674702476962,298.02612115
668.0,0.20667799,0.00293164,0.00016412,113.84230184025849,0.024539400038615787,-0.11340019621654292,297.94029976
669.0,0.20672542,0.00289504,0.0001625,112.33630799869982,0.024642547911002018,-0.11654187521778403,297.90494608
670.0,0.20675026,0.00286899,0.00016251,112.05264477351862,0.024797130953766015,-0.1200201893659952,297.82477602
671.0,0.20666741,0.00285081,0.00016169,115.79566746376109,0.024653571122232536,-0.1271965855694386,297.74868017
672.0,0.20674605,0.00286615,0.00016225,111.43673715667188,0.024606256309850156,-0.12487288398836882,297.67784138
673.0,0.20675735,0.00286233,0.00015998,111.22124876864076,0.024667297110461905,-0.12947956861945553,297.6474819
674.0,0.20673065,0.00285974,0.00015792,113.54292287165055,0.02486624471157074,-0.12602237902347518,297.60489977
675.0,0.20677008,0.00285702,0.00015609,111.02248754529178,0.02473897998055232,-0.12356548458364175,297.50186153
676.0,0.20674872,0.00286282,0.00015505,111.87605199616853,0.024697706425414467,-0.13067149483338628,297.4667707
677.0,0.20675252,0.00285162,0.00015448,111.52149469420306,0.02463371788047822,-0.12710884576719497,297.39435479
678.0,0.20675807,0.00282305,0.0001548,112.07820732033564,0.02475371513898064,-0.12887169907093948,297.34309852
679.0,0.2067669,0.00283803,0.0001572,111.36622989392548,0.024739430871503067,-0.13002897390622264,297.2965736
680.0,0.20678969,0.00284919,0.00015826,109.53408799794661,0.024618014027742656,-0.13248476122891295,297.24255738
681.0,0.20679718,0.0028168,0.00015907,109.35385733985473,0.024589402297104445,-0.1299655262661635,297.15213607
682.0,0.20673291,0.00280897,0.00015787,112.53918065768353,0.02455508319718801,-0.12571265066225282,297.15660456
683.0,0.20677306,0.00278755,0.00015592,111.57256722491704,0.02473176384527789,-0.13348528827825987,297.06118905
684.0,0.20678312,0.00281437,0.00015565,110.98785310999514,0.024777019824112838,-0.1353055314442279,296.96748207
685.0,0.20674287,0.00282086,0.0001528,111.99449516138633,0.024553550041108613,-0.13486926613297243,296.91464869
686.0,0.20679677,0.00282837,0.0001527,109.50574362543004,0.02462127516733931,-0.13850515985459463,296.8612896
687.0,0.20675642,0.00282119,0.00015036,112.33255766263619,0.024769933867478028,-0.13960081179477093,296.82422738
688.0,0.20678609,0.00279672,0.00014652,111.4391462680589,0.024834221732290964,-0.13780589395298734,296.75102291
689.0,0.20679267,0.00279728,0.00014461,110.45100929776292,0.024682119714176068,-0.14155236805781082,296.6830755
690.0,0.20678055,0.00280272,0.00014409,110.44030071467202,0.024554065169899424,-0.14117255583589175,296.59265419
691.0,0.20680581,0.00277894,0.00014531,109.90096144816347,0.02466743320899412,-0.14538490924542433,296.57688303
692.0,0.2068519,0.00279777,0.00014571,107.30277380371142,0.024653095088984417,-0.1460146137724531,296.53364377
693.0,0.2067939,0.00281692,0.00014513,109.94719747662562,0.024631408211814643,-0.14387406258947566,296.45636509
694.0,0.20679472,0.00282082,0.00014176,109.90654041954788,0.02462761543957063,-0.14711745073847832,296.40931446
695.0,0.20678959,0.00280804,0.00014167,110.42102557511333,0.02465441735643199,-0.14886104116420504,296.33676713
696.0,0.20676238,0.00280552,0.00014207,112.33030601112333,0.02476786004761879,-0.15065359215596708,296.28603657
697.0,0.20679225,0.0028084,0.00013994,110.78348878738942,0.024759598272368545,-0.14825839233092078,296.24030021
698.0,0.20679893,0.00281376,0.00014094,109.79565730895617,0.024630646332673672,-0.15303505622786318,296.17011855
699.0,0.20675283,0.00284553,0.00013985,111.7068525575591,0.02460797261445867,-0.15152473694158217,296.12214794
700.0,0.20671197,0.00282459,0.00014105,114.62390517326092,0.02474998826446037,-0.1514233192819027,296.07378305
701.0,0.20681238,0.00282281,0.00014085,108.67644169154875,0.0245523166567503,-0.15203482456264716,295.99308728
702.0,0.20681135,0.00284837,0.00014035,108.9180847180871,0.024653739197590077,-0.1510549740432158,295.94643094
703.0,0.20669051,0.00284874,0.00013885,115.19714811124017,0.024685752037866993,-0.14926069111259244,295.87927209
704.0,0.20658497,0.00285913,0.0001369,121.02655183605545,0.024801653799791438,-0.14865139244084322,295.77781096
705.0,0.20665776,0.00284286,0.00013712,116.90531576584416,0.024677203278494136,-0.14923079974690207,295.7720282
706.0,0.20677603,0.00283515,0.00014064,110.92031167455893,0.024672254395001893,-0.15275041261346856,295.68830963
707.0,0.20683219,0.0028151,0.00014314,108.40090394214104,0.024707518811432197,-0.1510880686593003,295.63836763
708.0,0.20682357,0.00278949,0.00014111,108.29571519730696,0.024515899892523778,-0.1559564217825644,295.6107681
709.0,0.20683086,0.00278414,0.00014057,108.39940210785274,0.024607842729761326,-0.15560123658243585,295.55859185
710.0,0.20685026,0.00280836,0.00014089,107.55097407574168,0.024697311323768893,-0.15697624826875753,295.48617595
711.0,0.20682716,0.00280301,0.00014018,108.69865452411662,0.024676701711002773,-0.15830435343829818,295.45542218
712.0,0.20683188,0.00281502,0.00013871,108.4903606419024,0.024706541504627408,-0.1606910682938995,295.40613731
713.0,0.20687028,0.002811,0.00014101,105.80847307091192,0.024535299331899983,-0.1581212902407797,295.32215589
714.0,0.20687131,0.00278617,0.00014032,106.75493020104024,0.024703552015227705,-0.15880090656266702,295.26997964
715.0,0.20686648,0.00276531,0.00013726,107.33028558272828,0.024716925308137152,-0.15949101625938078,295.20163795
716.0,0.20689338,0.002755,0.00013736,106.80249987313162,0.02488680073474852,-0.1641718513977165,295.16063294
717.0,0.20688486,0.00275699,0.00013781,106.62344587864018,0.024751020538060536,-0.16334620484222173,295.10858811
718.0,0.20689123,0.00275877,0.0001353,106.04984963711176,0.024686925468640333,-0.16010800829090896,295.04524062
719.0,0.20690375,0.00276811,0.000135,105.08090732696897,0.024630167376178336,-0.16121492337008722,294.97847605
720.0,0.20691237,0.00276648,0.00013194,105.06074801297149,0.02471131972417092,-0.16295933531517168,294.94049384
721.0,0.20690129,0.00273812,0.00013321,106.07160847622742,0.024751733534301726,-0.16570534168924464,294.88595192
722.0,0.20690858,0.00273524,0.00013073,105.87840285643345,0.024775883012134643,-0.16961622031811224,294.81931877
723.0,0.206898,0.00273098,0.00012756,105.88241163402124,0.024628439983017347,-0.16712800213902435,294.77292528
724.0,0.2069211,0.00272493,0.00012876,105.16887116007129,0.02472498027640387,-0.1663737671249596,294.72416611
725.0,0.20691925,0.002752,0.00012826,104.96125420225717,0.02471902876206117,-0.16349994447907826,294.67356698
726.0,0.20689297,0.00273179,0.00012776,106.77236757356903,0.02477879316847978,-0.16566355814768746,294.60575099
727.0,0.20692623,0.00272899,0.00012997,105.05481572318163,0.024774483805397637,-0.17008289924144476,294.55318046
728.0,0.20695857,0.00273398,0.00013225,102.55858417814059,0.024592151610667398,-0.17108319514010395,294.53648932
729.0,0.20691114,0.00272793,0.00013015,105.07697961092201,0.02459830467976211,-0.1694700470751335,294.46131346
730.0,0.20691792,0.00270505,0.00012941,105.30606216164306,0.024672985194812768,-0.16749846381169425,294.41491997
731.0,0.20692244,0.00269608,0.00012942,104.86105203041485,0.024600185302562527,-0.16951095451608122,294.40414301
732.0,0.20689913,0.0027003,0.00012896,106.86589915779571,0.024800953543656423,-0.1712964538376058,294.29952766
733.0,0.20690067,0.00273187,0.00012945,106.31066499165809,0.024769462960129572,-0.17313943039591106,294.23302594
734.0,0.20690344,0.00274137,0.00012683,106.22783762702963,0.024795661420678815,-0.1727129899164927,294.19412375
735.0,0.20690242,0.00276304,0.00012288,105.60140926997266,0.02467445906324434,-0.1747233960710056,294.15127876
736.0,0.20689502,0.00277915,0.00012333,105.63789131258437,0.024636915124030618,-0.17206681318622452,294.09410831
737.0,0.20690673,0.00278888,0.0001211,104.73557468414363,0.02457886478655128,-0.16864310890670584,294.01512109
738.0,0.20693486,0.00279173,0.00012137,103.46653994966016,0.02462255831602506,-0.16681260465339812,293.96531052
739.0,0.2068978,0.00278884,0.0001195,105.38378888746556,0.024618552269893217,-0.16926361923226002,293.92009986
740.0,0.2069518,0.00277127,0.00011842,103.20345013661482,0.02470076193798647,-0.1737663379878674,293.8893461
741.0,0.20694348,0.00278182,0.00011912,102.97803778055854,0.02457575421610438,-0.1706915945491081,293.83677557
742.0,0.2069442,0.00276791,0.00012071,103.17481207673161,0.024603201567131045,-0.17526300716176024,293.77106241
743.0,0.20697059,0.00276243,0.00012186,102.08721401198802,0.024653147239354682,-0.1756334635538785,293.71901759
744.0,0.20695231,0.00276247,0.00012106,103.41982116732282,0.024747587223997163,-0.1790080457769292,293.63989894
745.0,0.20701525,0.00273991,0.00012108,100.06486773416432,0.024649787805702754,-0.18163455667997333,293.6132194
746.0,0.20693229,0.00272582,0.00012017,104.74829141493265,0.024726483821618263,-0.18107715705485797,293.56853445
747.0,0.20699646,0.00273471,0.00011913,101.19987865422623,0.024673257538572854,-0.18242088126328923,293.50558124
748.0,0.20695087,0.00269093,0.0001193,104.10001508094223,0.024705496357471664,-0.17956445473556634,293.41607991
749.0,0.20697849,0.00268849,0.00012157,103.44775520669084,0.02488864157836452,-0.1765662974664081,293.39623454
750.0,0.20692038,0.00270367,0.0001253,105.71168623445112,0.024777066982119175,-0.18105985858629167,293.35536095
751.0,0.2070287,0.00270294,0.00012567,100.2729965801756,0.02479319785000108,-0.18086966309491484,293.29648196
752.0,0.20699081,0.00269287,0.00012559,101.98405359683382,0.024714713776137633,-0.1816880236709138,293.28465359
753.0,0.20699861,0.00267169,0.0001257,102.05703557215513,0.024774778591508086,-0.1837153518668757,293.19870078
754.0,0.20697777,0.00265615,0.00012569,103.2634198418127,0.02477075882296581,-0.1814795952157853,293.12681058
755.0,0.20696576,0.00268107,0.00012395,103.93346397475821,0.0248406071466602,-0.18079580138960813,293.10223386
756.0,0.20696864,0.00269149,0.00012289,103.70295361297698,0.024842486093823626,-0.1805457777693559,293.0395435
757.0,0.20697582,0.00268017,0.00012218,103.74032276870447,0.024907563769345477,-0.1790263624015058,292.99643567
758.0,0.20694872,0.00266816,0.00012254,104.73405037986677,0.024786463020805047,-0.17875957779768367,292.96739045
759.0,0.20696515,0.00267741,0.00012634,104.10321782701251,0.024874503865688388,-0.1821563798378185,292.85935801
760.0,0.20692921,0.00268102,0.00013001,105.5593787581104,0.02480993766644315,-0.17769998274480614,292.7814222
761.0,0.20693003,0.00268662,0.00013272,105.44222345706928,0.024817265571934952,-0.17488431529720228,292.77169666
762.0,0.2068865,0.00268395,0.00013427,107.3248219915598,0.024740320802974523,-0.1726487612659146,292.72701171
763.0,0.20688075,0.00268545,0.0001366,107.76703936806601,0.02478792667396157,-0.17632224700227925,292.6390875
764.0,0.20689872,0.00271475,0.00013816,106.15588050562907,0.024703815508745727,-0.17597608983991817,292.60675662
765.0,0.20689225,0.00274275,0.00013846,106.49471481605359,0.024776085997291426,-0.17789223887353028,292.53670639
766.0,0.20689769,0.00274477,0.00013968,105.52738516199143,0.024624806271181406,-0.17718896665862205,292.50884401
767.0,0.20684913,0.00275257,0.00014059,107.90690486394236,0.02463049363453574,-0.17812282629617454,292.4878158
768.0,0.20684533,0.00275508,0.00014095,108.48614593454123,0.024726192468126948,-0.1752113629946331,292.38937749
769.0,0.20690509,0.00275175,0.0001423,104.89779636528078,0.024592640435644197,-0.1741270916029141,292.37176636
770.0,0.20687213,0.00273986,0.00014436,107.33177048616122,0.02475013021895158,-0.17774115106045232,292.27569372
771.0,0.20689585,0.00273317,0.00014579,105.94452976898928,0.02469679181539297,-0.17745012931516188,292.21208338
772.0,0.20684369,0.00274137,0.0001432,108.5390956650653,0.02469543868046467,-0.1774786936804588,292.21247766
773.0,0.20693486,0.00274392,0.00014191,103.41808739998396,0.024576756069850943,-0.17857354463912772,292.15373009
774.0,0.20691915,0.00273869,0.00014292,104.96332325233037,0.024745584622668397,-0.17407783204949845,292.07106294
775.0,0.206871,0.00276397,0.00014046,107.22824585551054,0.02475588776161524,-0.17382016907632722,292.06265165
776.0,0.20685868,0.00273094,0.00013843,107.98356006388734,0.024697921244127143,-0.1738075360000434,291.94699649
777.0,0.2068439,0.00271706,0.0001369,109.28073817873982,0.024783247286304894,-0.16897173161337461,291.9305682
778.0,0.20693701,0.00270468,0.00013646,104.81244576756026,0.0248129451889673,-0.1652518856191311,291.90441436
779.0,0.20677829,0.00272246,0.00013718,113.09649629864741,0.024903057015569986,-0.16878350746041146,291.80597605
780.0,0.20672911,0.0027244,0.00014087,114.65058139921194,0.024715325382916518,-0.16660833506116443,291.73080019
781.0,0.20653723,0.0027453,0.00014409,124.08896153772831,0.024714892066431755,-0.17094236934280274,291.75064557
782.0,0.20717951,0.00273041,0.00014582,91.55443204729686,0.024684911434385712,-0.17079286235002408,291.6594357
783.0,0.20700385,0.00273682,0.00014485,100.77727024007281,0.024776910000870886,-0.1689762870268987,291.5864941
784.0,0.20670314,0.00275179,0.0001445,115.64400783526396,0.024721496906226197,-0.1693578513031035,291.53720923
785.0,0.2070096,0.00276235,0.00014575,99.56277971766022,0.024619400469275996,-0.1684430821168473,291.49239285
786.0,0.20678384,0.00276567,0.00014372,111.14906012831129,0.024660816979543268,-0.16946130221752037,291.46637044
787.0,0.2068286,0.00275614,0.00014222,108.85478640045076,0.02462524052278183,-0.17018224636004736,291.39172029
788.0,0.2069017,0.00275407,0.00014356,105.10406460509368,0.02461170867590487,-0.1712327364293992,291.35426379
789.0,0.20679451,0.00274993,0.00014458,110.55741584536308,0.024615773215916615,-0.16567786251815148,291.29275627
790.0,0.20679626,0.00274567,0.00014343,110.30507049379523,0.024564868124132968,-0.16616638364285805,291.23532297
791.0,0.20679698,0.00275951,0.00014322,109.8701014314001,0.02450736815575236,-0.1648725714329552,291.18748379
792.0,0.20679441,0.00277732,0.00014605,109.70713880632707,0.024494512596516558,-0.1621479965475841,291.11717071
793.0,0.20681063,0.00276815,0.00014679,109.3523670483244,0.024579260741407944,-0.16287299885133963,291.04554336
794.0,0.20674195,0.00276872,0.00014463,112.50694497439649,0.024505746859440725,-0.16525377200702165,291.00335552
795.0,0.20676998,0.00276539,0.00014271,111.73797071617038,0.024631659862061447,-0.16178065480530268,290.95354494
796.0,0.20673948,0.00278324,0.00014526,113.29168460464962,0.024685024881554083,-0.16475564541932353,290.88415184
797.0,0.20677891,0.00280171,0.00014999,110.90666586861458,0.02465977116913269,-0.16453207082835353,290.84511823
798.0,0.2067248,0.00282606,0.00015273,113.59146426230917,0.024714670401287078,-0.16577573273661775,290.78821063
799.0,0.20677039,0.00281774,0.00015211,111.08568620864132,0.024649393054976442,-0.16210445351645186,290.73327443
800.0,0.20675735,0.00280564,0.00015277,111.30446036426638,0.02452697752434464,-0.16110736101457285,290.6432474
801.0,0.20675848,0.00281331,0.00015384,112.04374055641168,0.024724382781509673,-0.16199065650751526,290.63128761
802.0,0.20678692,0.00279972,0.00015564,110.97856799802281,0.02478354356833964,-0.16509141990278497,290.55755744
803.0,0.20679698,0.00278503,0.00015523,110.18018847943918,0.024682912223188587,-0.1640515867464229,290.49315855
804.0,0.20677942,0.00279408,0.00015479,111.07189620537024,0.02470302165839206,-0.16371753751104132,290.49158143
805.0,0.20679503,0.00278073,0.00015642,110.46386468114163,0.02471884332410334,-0.16212592021181108,290.40444578
806.0,0.20680981,0.00278499,0.00015917,108.70371630969767,0.024511761189099816,-0.17191120685729513,290.35266381
807.0,0.20676351,0.00278377,0.00015855,110.77275907839947,0.024449707625710658,-0.16512862491101885,290.30351037
808.0,0.20675119,0.00278276,0.00015797,111.4477606407638,0.024457831103302633,-0.161069217272891,290.23359157
809.0,0.20676412,0.00280459,0.00015904,111.26378729571636,0.024614851809046972,-0.16006306707656945,290.15880999
810.0,0.20674246,0.0028071,0.00016259,112.60831785994439,0.024689269528778354,-0.15686698271102106,290.13252473
811.0,0.20674924,0.00280978,0.00016522,111.54214347884835,0.024546423029506353,-0.15785915802404363,290.08074276
812.0,0.20670725,0.00282508,0.00016855,114.65721875183684,0.024810308713270352,-0.1575069073538337,290.00122984
813.0,0.20673774,0.00281546,0.00017091,112.77489183666786,0.02472440132200922,-0.15815689350557607,289.94064231
814.0,0.20667039,0.00280901,0.00017154,115.63226634992981,0.024594113162000195,-0.15787524301730685,289.90870571
815.0,0.20670868,0.0028321,0.00017164,112.9828707479003,0.024490890847192744,-0.15185027103905677,289.82827281
816.0,0.20668846,0.00286363,0.00016921,113.91892268505656,0.024535524292987776,-0.1561349286857184,289.78687352
817.0,0.20667039,0.00287698,0.00016768,114.95476331250951,0.024586818941618394,-0.15380510330984667,289.7258917
818.0,0.20665961,0.00285406,0.00016794,115.69050212636571,0.02457780275983118,-0.15132405561290052,289.67673826
819.0,0.20667183,0.00282792,0.00016969,115.11427629051283,0.024534464424835496,-0.14844593939509265,289.59840818
820.0,0.20663754,0.00281599,0.00017142,117.84158592856383,0.024725141534582676,-0.1501786435229773,289.52494087
821.0,0.20663825,0.00280053,0.00017375,117.39783669507888,0.024614114199537684,-0.15310733227817785,289.5111411
822.0,0.20664667,0.00279704,0.00017681,117.37728829985404,0.02470265860426528,-0.15105701610473557,289.43254816
823.0,0.20661864,0.00283446,0.00017654,117.6945075396272,0.024553756014295186,-0.15254235985418474,289.37445773
824.0,0.20663856,0.00283429,0.00017632,116.41789504585671,0.024494864718128676,-0.14826133504512656,289.32293862
825.0,0.20661474,0.00281652,0.0001774,116.36782759205366,0.0242012223956892,-0.1494337489997885,289.29152773
826.0,0.20662306,0.00283003,0.00017901,116.9277840965555,0.02443925880487374,-0.14984031559970898,289.17744968
827.0,0.20662614,0.00285998,0.00018246,116.13917603885051,0.02438382225201952,-0.15193405814624233,289.14682735
828.0,0.20662131,0.00288579,0.00018271,116.66683141929275,0.024500992782967676,-0.1537541692967417,289.11423363
829.0,0.20658733,0.00291517,0.00018242,119.66287822523701,0.0248310690842327,-0.14754021965165295,289.02249806
830.0,0.20662583,0.00292649,0.00018348,116.78681847997073,0.024666557990739562,-0.14222995000325375,288.96992753
831.0,0.2065821,0.00290892,0.00018635,119.28111615140861,0.024697511020344766,-0.1406652788146866,288.91591132
832.0,0.20658179,0.00288753,0.00018607,118.93039100816324,0.024574436066655644,-0.13695319751215831,288.83022136
833.0,0.20652666,0.00290932,0.00018491,121.4507401156328,0.024564681337272125,-0.1352419987751615,288.76884527
834.0,0.20650078,0.00293164,0.00018608,121.96246279041969,0.02445685083450134,-0.13822967691870391,288.71036056
835.0,0.20656577,0.00294503,0.00019032,118.64542950379953,0.024488157058415463,-0.13899233265701902,288.64845876
836.0,0.20648928,0.00294102,0.0001942,122.73085443817473,0.024542722754503355,-0.1356879565254605,288.63268761
837.0,0.20653312,0.00292028,0.00019667,120.70585678146551,0.024543939291455163,-0.13537429866029566,288.52491803
838.0,0.20643857,0.00290514,0.00020002,125.40979906929626,0.024514688261300696,-0.1339424821732154,288.47024468
839.0,0.20648097,0.0029187,0.00020226,123.14332341183578,0.02452310529946763,-0.13263429438887886,288.41083998
840.0,0.20648887,0.00292884,0.00020315,123.59989448469744,0.024717956645111817,-0.1334510442966676,288.32607001
841.0,0.20651054,0.00291549,0.00020336,121.861697745926,0.024561299484667714,-0.1298836995793374,288.29886476
842.0,0.20649945,0.00291947,0.00020419,121.72111375667426,0.024432281374800278,-0.13346418734511994,288.25247128
843.0,0.20643456,0.0029258,0.00020341,124.46477980271794,0.024343935717916796,-0.13131512188742048,288.15311298
844.0,0.20646464,0.00297376,0.00020495,122.47142893653015,0.0243495735535592,-0.12767971858255067,288.12577631
845.0,0.20645725,0.00299085,0.0002091,123.12950121653945,0.024456271787695785,-0.12433159806225302,288.02300093
846.0,0.20647522,0.00299292,0.00021193,121.92550653279206,0.024409541312397896,-0.12639911269007456,287.98002453
847.0,0.20645848,0.00298663,0.000211,124.14926708439259,0.02466894736103903,-0.13233882622632676,287.91812273
848.0,0.20644914,0.00294702,0.00021092,125.0169633886563,0.024664940812777078,-0.13272036824961408,287.87278065
849.0,0.20646187,0.00292004,0.00021181,124.1136966781758,0.0245606536605995,-0.1294364390293776,287.7701367
850.0,0.20644894,0.0029133,0.00021343,123.99716597108129,0.02440140368732876,-0.13392340930051283,287.72571461
851.0,0.20648015,0.0029075,0.00021654,122.47175262405672,0.024406974211078684,-0.13017529368490066,287.66354996
852.0,0.20644914,0.00293067,0.00022052,123.82212489634229,0.0244283498053059,-0.1243938016715961,287.56248312
853.0,0.20644196,0.00294365,0.0002231,124.57760861832224,0.024541646408065804,-0.11615757204166746,287.52936369
854.0,0.20643857,0.00293761,0.0002236,124.99685676539598,0.024579910118268454,-0.12022845684836642,287.46601621
855.0,0.20640068,0.00295015,0.000221,126.42382192916094,0.024503386124959364,-0.12188304046685378,287.38124624
856.0,0.20639688,0.00297774,0.00022136,126.94415474018217,0.02462415097639683,-0.1202318481345263,287.38058911
857.0,0.20639986,0.00296906,0.00022506,126.91466727915089,0.024642457207196752,-0.12057095649156212,287.29332203
858.0,0.20639771,0.00294913,0.00022758,127.27201709284867,0.024658779581238334,-0.11504268292933544,287.19212377
859.0,0.20638241,0.00295688,0.00022884,126.86357929739773,0.02445097421732995,-0.11885226057814785,287.15085591
860.0,0.20640664,0.00296512,0.00023227,125.25747810060358,0.02440261457580336,-0.1167552647211051,287.07449722
861.0,0.2063476,0.00299186,0.00023451,128.46464194307546,0.024511698946702767,-0.11641895093315283,286.99077866
862.0,0.20636742,0.00298878,0.00023514,126.42711396812723,0.024307181122160952,-0.11632692741665923,286.9425452
863.0,0.2063861,0.00296833,0.00023761,125.78487151495858,0.024330225299181576,-0.1186143335742701,286.87249498
864.0,0.2063551,0.00294856,0.00024186,127.66123320079677,0.024368503975444013,-0.11583446486074893,286.80586184
865.0,0.206336,0.00294897,0.00024177,128.49636266240233,0.024346664584003246,-0.10778139817105534,286.74527431
866.0,0.20634329,0.00298001,0.00024884,127.79238266648542,0.024365920533028176,-0.10800105915868391,286.66470998
867.0,0.20632851,0.00298549,0.00024845,128.31621742727924,0.02433487333699421,-0.11124397314556149,286.57954573
868.0,0.20631711,0.00297949,0.00024994,128.96763485462878,0.024343739056577218,-0.10950632943850666,286.5314437
869.0,0.20629761,0.00299982,0.00025086,129.28497123559282,0.02426320367606569,-0.10729357712153167,286.4770332
870.0,0.20629021,0.00302956,0.00025349,129.5544556821167,0.024310602590974104,-0.10610813044389017,286.4010688
871.0,0.20628087,0.00303841,0.00025743,130.67257632246725,0.024462570651308947,-0.10777426309892608,286.31261889
872.0,0.20627471,0.00304969,0.00025498,130.76758163978923,0.02443664048066383,-0.10660407134667127,286.22364327
873.0,0.20627913,0.00307363,0.00025557,130.52742036773722,0.02448148829323701,-0.10757210877497071,286.15057024
874.0,0.20628056,0.00306288,0.00025831,129.35600254661747,0.024263142033858754,-0.10381307809771927,286.12402213
875.0,0.20624052,0.00306807,0.00026476,133.1401003436866,0.024625358794557854,-0.09820548532431894,286.0554176
876.0,0.20624925,0.00308069,0.00026321,132.20330334473107,0.02455259695108824,-0.0973204158983773,285.92819693
877.0,0.20624268,0.00308309,0.00026975,132.59248549099493,0.024589099808668365,-0.10451402571620244,285.92438556
878.0,0.20625141,0.003074,0.00027692,132.00050513599302,0.024566183949610344,-0.10192557240348415,285.85026112
879.0,0.2062359,0.00307639,0.00028233,132.3083866605904,0.02450065074820954,-0.0972859290081382,285.7557656
880.0,0.20617461,0.00306284,0.00028411,135.733247427346,0.024544168350924482,-0.09874568045767931,285.67296703
881.0,0.20621876,0.00308341,0.00028395,132.974925566335,0.02448362569795879,-0.09773402590915782,285.59292841
882.0,0.20614628,0.00310824,0.00028824,136.60334194570802,0.02454236634329957,-0.09447530814122307,285.52708382
883.0,0.20613498,0.00311778,0.00028696,136.18760195932416,0.024380112916264882,-0.08713026158135838,285.48279316
884.0,0.20614679,0.00311518,0.00029193,135.51305994742023,0.024375291141533223,-0.09141680197470975,285.38041206
885.0,0.20610254,0.00309035,0.00029142,138.78903975825054,0.024517196838697755,-0.08549468220306183,285.35110399
886.0,0.2061358,0.00307148,0.0002936,135.89772810104083,0.02427061605147979,-0.08196997952358458,285.22730041
887.0,0.2061358,0.00306284,0.00029568,136.8094926297983,0.024423874253095668,-0.08545484948103672,285.13451343
888.0,0.20610059,0.00310163,0.000301,137.02666255309845,0.024238065812622386,-0.08188128846697697,285.12754784
889.0,0.20603457,0.00311421,0.00030348,139.91001073271957,0.024200015051141336,-0.08645031852441722,285.02306392
890.0,0.20602913,0.00310837,0.00030666,140.71218118518937,0.024291005322367873,-0.08380563704628151,284.95275085
891.0,0.20608683,0.00312882,0.00030891,137.44923591872922,0.024265211288885306,-0.082236520024739,284.91529435
892.0,0.20604505,0.00314708,0.00031146,139.97408215562652,0.024383863652778746,-0.07694275014516144,284.79871921
893.0,0.20600439,0.00312277,0.00031289,141.29692704731778,0.024224053032957805,-0.07235820316494798,284.69528671
894.0,0.2059933,0.00313819,0.00031532,140.98545380755013,0.02411088359702091,-0.07379040154788792,284.64048193
895.0,0.20600028,0.00316384,0.00032026,141.69993103474098,0.024352195884567166,-0.06962544788234495,284.54611784
896.0,0.20600059,0.00316461,0.00032102,141.6260276493403,0.024345746596857416,-0.07324443436269021,284.44702241
897.0,0.2059895,0.00314274,0.00032111,143.08854533155397,0.024463093913742167,-0.0777918819866643,284.40628025
898.0,0.2059817,0.00311437,0.00032206,144.00613329711598,0.024505632722613368,-0.07114159745633256,284.31664751
899.0,0.20601917,0.00309818,0.00032279,142.2587926444241,0.024501507550842277,-0.07259122870814066,284.19455247
900.0,0.20600521,0.00312086,0.00032551,142.09503831728844,0.024401618940728287,-0.06671211638935465,284.18692974
901.0,0.20598488,0.00313097,0.00033048,143.60963189615944,0.024519286237782326,-0.06903830567061985,284.09309136
902.0,0.20599648,0.00311977,0.00033485,142.531858727385,0.024427302302043465,-0.06657235001237347,284.00818996
903.0,0.2059777,0.00311279,0.00033606,142.58726634891912,0.024268249497354264,-0.06819001632795961,283.93577406
904.0,0.20597554,0.00313263,0.0003383,142.75574423713863,0.02431988176182425,-0.07021142547868804,283.84942698
905.0,0.20596312,0.00316948,0.00034356,142.91028950728392,0.024320819076411104,-0.0692729468496114,283.78673663
906.0,0.20593694,0.00318567,0.00034337,144.61420185258643,0.024416132358008887,-0.06725069178647268,283.68238414
907.0,0.20591815,0.0031987,0.0003471,144.04444567144043,0.02419611504549713,-0.05910724536201359,283.58894004
908.0,0.20590573,0.00318591,0.00034607,145.4117017235302,0.024297061600032983,-0.06074503332878168,283.52164977
909.0,0.20590583,0.0031879,0.00035025,144.80142248040767,0.024211198705136522,-0.05071649122960955,283.43411985
910.0,0.20589741,0.0032004,0.00035844,144.32470252362614,0.02410655486979838,-0.05256103079741684,283.34580137
911.0,0.20591794,0.00320791,0.00035387,143.04966603514052,0.02406224373623269,-0.050939223976890935,283.26326565
912.0,0.20587524,0.00321675,0.00035739,145.616725311636,0.024164241063634084,-0.05141554056045263,283.18454129
913.0,0.20583027,0.00322487,0.00035679,147.70127811105135,0.024153557255862036,-0.05253134528292732,283.06836043
914.0,0.20586497,0.0032562,0.00036237,145.32087544650733,0.02411181382942501,-0.05297137484719256,283.00895574
915.0,0.20585922,0.0032689,0.00036542,146.57259234421318,0.02430235872979744,-0.047242317618288586,282.90539181
916.0,0.20582185,0.00328014,0.00036676,148.038287968265,0.024260788387318072,-0.04230856402988434,282.84585569
917.0,0.20584064,0.00327068,0.00037,146.5062237069942,0.02415503441044815,-0.04510336802165466,282.77948541
918.0,0.2058394,0.00325482,0.00037364,146.94776795600723,0.02420116464299926,-0.04286749153328683,282.63517932
919.0,0.20583058,0.00326707,0.00038105,147.87210451393864,0.02432271512194605,-0.052091963689250634,282.58734015
920.0,0.20579865,0.0032749,0.00038503,149.30798081258746,0.024322041136662118,-0.048969963844964194,282.50822151
921.0,0.20582257,0.00325092,0.00038747,147.7750836889349,0.024232218005067696,-0.047947926556809864,282.39519489
922.0,0.20579105,0.00323781,0.00039098,150.58400908158634,0.02442233969280071,-0.04621827534455204,282.29649373
923.0,0.20580594,0.00324804,0.00039408,148.94250185862745,0.02430175438555946,-0.04403339902283886,282.2303863
924.0,0.20577719,0.00326464,0.00039363,150.53845136062347,0.024355112881760496,-0.044588362269203353,282.14285638
925.0,0.2058161,0.00326622,0.00039688,147.7753142645073,0.02423162401023708,-0.04321583903588172,282.0664977
926.0,0.20575224,0.00326947,0.00039655,151.64427477954757,0.024349135360965078,-0.040911935158515246,281.98514481
927.0,0.20576836,0.00327649,0.00039883,149.95087063041257,0.02422320850423456,-0.03942416321402775,281.89262069
928.0,0.2057662,0.00325928,0.00040699,150.42607873113369,0.024276604741634487,-0.040811412820424824,281.76842283
929.0,0.20572103,0.00324832,0.00040831,152.53434498120959,0.024241012941060874,-0.03829838442788335,281.72531501
930.0,0.20574064,0.0032073,0.00040956,152.14323615211637,0.024270078215220363,-0.03708829007413943,281.62069967
931.0,0.2057739,0.00323351,0.00041242,150.43485144757133,0.024312046697866574,-0.03585657667659236,281.5484152
932.0,0.20577247,0.00323887,0.00041119,150.09973331674576,0.02425191634759186,-0.03608262758665228,281.45115973
933.0,0.20579351,0.00322751,0.00041157,149.3575975825299,0.02428304602498288,-0.03527722669466957,281.33182465
934.0,0.20582226,0.00326362,0.00041536,147.17370295996633,0.024230237220429128,-0.028197606399437372,281.26032874
935.0,0.20581836,0.00325514,0.00041536,147.6151144377181,0.024256737368704578,-0.021508408033544684,281.13731372
936.0,0.20578766,0.00323676,0.00041835,149.04559936248666,0.024219344991909093,-0.024182011411456192,281.07843473
937.0,0.20581179,0.00322097,0.00041866,148.20694927987742,0.024252119712889573,-0.03119369071758742,281.00076179
938.0,0.20581446,0.00320141,0.00042075,147.6460951240931,0.024155056769466294,-0.025998430231885986,280.88497521
939.0,0.205797,0.00321091,0.00042285,148.09428041571974,0.02410918170556799,-0.029202023229271467,280.80835368
940.0,0.20579526,0.00323169,0.00042612,147.07971621449425,0.023973356295769514,-0.030600893994304674,280.7100468
941.0,0.2058044,0.00324577,0.00042802,146.55902528866002,0.02399006938623113,-0.03147601527521604,280.59334024
942.0,0.20577822,0.00327279,0.00042999,147.91457407740083,0.024051545413094542,-0.019870334778290595,280.49923901
943.0,0.20577452,0.00325413,0.00043082,148.80789112484604,0.0241384406082005,-0.0212534895946652,280.42143464
944.0,0.20577,0.00322479,0.00043274,150.10295847909362,0.024268632940540307,-0.02593835392438469,280.30104814
945.0,0.20574567,0.00321128,0.00043795,151.2641913749974,0.02425324743054816,-0.02347251653581512,280.19945561
946.0,0.20575162,0.0032482,0.00044105,150.7647294863609,0.024289765255232933,-0.024554338994093986,280.13229677
947.0,0.20573992,0.00328399,0.00044353,151.15201991850455,0.024324468755864612,-0.017781379326032257,280.03937837
948.0,0.20574023,0.00328034,0.00044435,151.0432954346849,0.02430567235631872,-0.017509591935155295,279.93975724
949.0,0.20573047,0.00327636,0.00044623,150.25175336921367,0.024099492527471605,-0.016191918033702367,279.84802168
950.0,0.20576199,0.00327275,0.00045045,148.54885725445757,0.024080892433289917,-0.02348330926886482,279.74393205
951.0,0.20575748,0.00328355,0.00045623,149.4844289762354,0.024230190422445386,-0.019598978553759243,279.65811067
952.0,0.20569146,0.0033083,0.00045843,151.76839282423072,0.0241194640229803,-0.018644493207149396,279.55625528
953.0,0.20575573,0.00331885,0.00046169,148.2944305885106,0.02409655758057007,-0.017114963359649606,279.45702843
954.0,0.20572986,0.00330473,0.0004629,148.23616140586046,0.02386209207322686,-0.012171716882673881,279.36686998
955.0,0.20565163,0.00330079,0.00046562,153.7550530135427,0.024130070058685078,-0.009808882689395714,279.2700088
956.0,0.20563438,0.0033238,0.00046851,154.2705000954821,0.024121902119838442,-0.008037454864427645,279.1460738
957.0,0.20567339,0.00330465,0.00047016,151.7204080850238,0.023996448023665826,-0.0035656255318786117,279.06826943
958.0,0.2056312,0.00331938,0.000473,153.234597238129,0.023940399670920643,0.00013195413935911565,279.00189914
959.0,0.20562011,0.00333257,0.00047544,154.47743618679263,0.024076670282386328,-0.00436351772360875,278.86666148
960.0,0.20562432,0.00334373,0.00047881,152.9348397595308,0.02389465091865738,0.0007876983430327746,278.76769747
961.0,0.20564023,0.00332145,0.00048065,153.76854881368092,0.02411690515368131,-0.007278729776522723,278.65979648
962.0,0.20559999,0.00329641,0.00048051,155.6742133722613,0.02406502132377272,-0.003981458907653679,278.56267244
963.0,0.20559886,0.00329032,0.00048258,156.76177701349658,0.02422030944365012,-0.005592049722516335,278.48158242
964.0,0.20560553,0.00329377,0.00048446,156.68133988272794,0.024269414187519312,-0.0023144183518810945,278.37210431
965.0,0.20559598,0.0033318,0.00048586,156.28617999994154,0.024198870882913514,-0.002422726767709758,278.26183764
966.0,0.20557391,0.00333399,0.00048772,157.75676692766783,0.024265436302183526,-2.9028209046222543e-05,278.15511949
967.0,0.20558828,0.00334442,0.00048821,156.36354869882734,0.024178032778650178,0.003190960355357454,278.08296645
968.0,0.20567349,0.00333967,0.00048905,151.75707160213688,0.024109985460909887,0.0010557468954924777,277.95574579
969.0,0.20556241,0.00331958,0.00049118,156.42996880336173,0.0239612520180586,0.0029186971556965577,277.88109565
970.0,0.20561877,0.00330514,0.00049574,153.36961423442366,0.023903732416262806,0.006165735117851927,277.74598941
971.0,0.20557278,0.00328172,0.00050139,156.70812485241999,0.024049481284183417,0.0069948402036809285,277.64216264
972.0,0.20558099,0.00328395,0.0005053,156.2550544115215,0.024055503677711913,0.001715388086686239,277.55371274
973.0,0.20559136,0.00328939,0.00050817,156.44883026346264,0.024180287665574732,-0.0013975358628248303,277.43398338
974.0,0.20557524,0.00326845,0.00051135,157.26690078540838,0.024159023274687965,0.002127978336382454,277.36932164
975.0,0.20560173,0.003265,0.00051199,156.62805317274834,0.02425892534052505,0.008249509827789043,277.22015279
976.0,0.20557319,0.00325957,0.00051191,157.40833921453444,0.024152759661536377,0.009989830316130231,277.11553745
977.0,0.20559157,0.00328789,0.00051371,156.22388298764398,0.024159273186399075,0.014239644177240562,277.07308676
978.0,0.20561159,0.00329564,0.00051643,153.96361650965767,0.023980722995475524,0.011757473113008746,276.95848303
979.0,0.20560892,0.00331029,0.00051758,154.7421624819447,0.024107739713610504,0.008486714231064084,276.79538299
980.0,0.20556323,0.00332648,0.00051505,156.36511163922304,0.02402983921368994,0.006685811182228481,276.72953842
981.0,0.20559752,0.00331569,0.00051313,154.01031669506827,0.02390378857530287,0.010595751118452144,276.62794589
982.0,0.20558602,0.00331102,0.00051213,154.4281771069436,0.023871635607613823,0.013549728776850135,276.49678244
983.0,0.20562247,0.00333249,0.00051432,153.3121458222734,0.02401510862045517,0.020920610448090796,276.43041216
984.0,0.20559075,0.00335651,0.00051577,155.32379044155928,0.02412727974190243,0.022754891056500286,276.33368241
985.0,0.20561539,0.00335188,0.00051764,153.71050010105708,0.0240625820436687,0.017817684812691907,276.17386803
986.0,0.20554331,0.00331662,0.00051598,157.08336179841592,0.02397725591339175,0.010309935999719362,276.06622989
987.0,0.20558613,0.00330554,0.00051529,154.98823817787743,0.023958688950834712,0.012326666166088499,276.02193923
988.0,0.20554865,0.00331033,0.00051667,157.3963278139041,0.024057140425135824,0.019375664957439455,275.86396482
989.0,0.20557473,0.00333431,0.00051783,156.41448611259364,0.02414415122343123,0.015893751984799243,275.74581258
990.0,0.20552843,0.0033531,0.00051718,159.58421442666847,0.02430636749907126,0.018978553012276456,275.67628807
991.0,0.20562493,0.00335225,0.00051948,153.47025790734045,0.024104041360684485,0.025515001177003876,275.5654957
992.0,0.20545954,0.00333143,0.00052413,161.5993422178224,0.02408124852703203,0.030501050885727177,275.44274354
993.0,0.20556087,0.0033421,0.00052736,156.30651135903742,0.024059298933764878,0.02732671938769085,275.33839106
994.0,0.20551426,0.00334352,0.00053235,157.29491749609642,0.02387635462490074,0.021556529215966715,275.23495856
995.0,0.20546867,0.00335399,0.00053783,159.7863137099092,0.023945874097074528,0.029774629737955485,275.12337764
996.0,0.20554578,0.00336174,0.0005398,156.52199510556906,0.024041280230278003,0.036763796057087496,275.02546505
997.0,0.20551149,0.00336187,0.00053871,158.17937316320334,0.024034469830972436,0.03453513277079356,274.90323859
998.0,0.20537823,0.00336674,0.00053732,166.07101445493944,0.02423477445623774,0.032763830111155835,274.77996072
999.0,0.20549763,0.00335667,0.00053611,159.85244978759644,0.0241698941800385,0.03417761394677862,274.68454523
1000.0,0.20586579,0.0033501,0.00053678,140.98220411746286,0.02404602104144354,0.028732802925380576,274.55627317
1001.0,0.20573859,0.00334819,0.00053515,146.82340682490732,0.023970209254946584,0.027448124366091006,274.49318855
1002.0,0.20549763,0.00335233,0.00053419,158.92976329983685,0.024018844204631008,0.03107327393355771,274.34980246
1003.0,0.20544506,0.00338333,0.00053571,160.04952833357768,0.023851763023092692,0.040068013666129,274.2295474
1004.0,0.20548182,0.00338678,0.00053734,158.7972047840659,0.02394246004022356,0.04448249363874489,274.13715471
1005.0,0.2054274,0.00338812,0.00053674,161.50685548798793,0.023949924848452285,0.042886986665795414,274.00139135
1006.0,0.20546611,0.0033878,0.00053904,160.3027782217771,0.024058875846762078,0.037229447431819246,273.92490125
1007.0,0.20529373,0.00337319,0.00054303,168.78369827482234,0.024048469182893766,0.03801197752548628,273.82002307
1008.0,0.20552155,0.00339064,0.0005455,156.87157687455056,0.023972221450581945,0.04497940217033328,273.68215688
1009.0,0.20536878,0.00339989,0.00054817,164.1756403741576,0.023966111528040412,0.04202119819279506,273.56834171
1010.0,0.20525667,0.00342046,0.00055058,167.8576472693619,0.023745678485909513,0.043898827519869774,273.48501744
1011.0,0.20536313,0.00344177,0.00055025,163.34255670234705,0.023870854119883936,0.05028526159480324,273.35464256
1012.0,0.20529958,0.00344152,0.00055034,167.8465579240234,0.024072192525509555,0.04834971038217885,273.25962135
1013.0,0.20539363,0.00346595,0.00054728,162.84502820117333,0.024045644885152075,0.05011450384363012,273.13581778
1014.0,0.20525965,0.00344745,0.00054386,170.12215270755644,0.024109482341656965,0.048026782801332206,273.02857392
1015.0,0.20530769,0.00342825,0.00054204,166.35168661746897,0.0238754737608675,0.048254661353125436,272.8945191
1016.0,0.20534927,0.00344972,0.00054027,164.396861873935,0.023913230020021638,0.04880273083408938,272.77886397
1017.0,0.20529291,0.00345333,0.00054195,167.07505067350897,0.02391171876829159,0.056020029448381324,272.6980368
1018.0,0.20535348,0.00343247,0.00054323,163.81848242476784,0.023840914657056952,0.0508814669344217,272.56345627
1019.0,0.20533819,0.00344408,0.0005453,163.787358301784,0.0237503367604987,0.04958050132785687,272.4056133
1020.0,0.20532001,0.00343872,0.00054872,165.70357931863686,0.023899967419675535,0.04813759457037108,272.3246547
1021.0,0.20528757,0.00345106,0.00054963,167.3424910690736,0.02392779456695082,0.05036596471851877,272.22608498
1022.0,0.20525215,0.00343479,0.00054909,168.1698916568085,0.023775583136341354,0.05356184663776089,272.12567529
1023.0,0.20531077,0.00343872,0.00055056,165.73468430528519,0.023843973343153673,0.057258539461786113,272.02079711
1024.0,0.20527648,0.00348117,0.00055175,168.11071029447984,0.024008507156493688,0.05368973342857076,271.90645624
1025.0,0.20527597,0.00349545,0.000553,167.9484160121823,0.024005379460835804,0.0513322600495039,271.77936701
1026.0,0.20523757,0.00347772,0.00055381,170.37657967345632,0.024059000988159905,0.05487835304975497,271.68618577
1027.0,0.20526539,0.00349338,0.00055103,167.5673650455441,0.023869498225542303,0.05450331918928919,271.58827319
1028.0,0.2052501,0.0034914,0.00054761,168.71397745614593,0.02391543368624191,0.054586017929523556,271.46565246
1029.0,0.20521303,0.00348888,0.00054636,170.25640228314967,0.023871336578293257,0.06543900552934188,271.35210014
1030.0,0.20521067,0.00350458,0.00054679,170.42899474751843,0.023902540812597677,0.06663438056356075,271.23762784
1031.0,0.20523624,0.00353283,0.00054741,168.4068456182242,0.02383471846242324,0.06329446792928524,271.12236698
1032.0,0.20517946,0.00354301,0.00054809,171.8154619001704,0.023940358061756158,0.05838534732546573,271.00986608
1033.0,0.20518891,0.0035209,0.00054776,170.13154540928588,0.02373801149720559,0.0644627180507597,270.91405631
1034.0,0.20516221,0.00350888,0.00054666,173.17923766904656,0.023961481124021522,0.0589165319077532,270.78407571
1035.0,0.20513573,0.00351976,0.00054372,175.01348441762033,0.02404378668487507,0.06620951200067955,270.66750059
1036.0,0.20510729,0.00353319,0.00054121,175.85618343722106,0.02398108777067597,0.07175045266304,270.55499969
1037.0,0.20506448,0.00356789,0.00054286,177.19455872492705,0.02392980270377595,0.06831631549546084,270.44631015
1038.0,0.20513203,0.00357905,0.00054602,173.2871563375198,0.023868923505337154,0.0689268013556611,270.30831254
1039.0,0.20510236,0.00356566,0.0005469,174.62354151802361,0.023837620765977372,0.06962629832610455,270.21013711
1040.0,0.20505226,0.00357324,0.00054671,176.55790276180105,0.02377959429382433,0.06976931794750472,270.08659639
1041.0,0.20507659,0.00357799,0.00054748,174.763194227294,0.023704538337986636,0.06651846584062794,270.00800347
1042.0,0.2050309,0.00360043,0.00054537,176.90095880825868,0.023720031641940257,0.07315152335704465,269.86645736
1043.0,0.20499548,0.003612,0.00054391,179.3103751438586,0.023824427488279402,0.07803721561775402,269.74449376
1044.0,0.20502639,0.00363432,0.00054217,178.12985307001728,0.023893787982887767,0.07816819496636183,269.63580422
1045.0,0.20493275,0.0036499,0.00054127,182.20485689026353,0.023847980949769587,0.08609386939084888,269.50805787
1046.0,0.20492834,0.00369295,0.00053865,181.90880320556585,0.023831858228593253,0.08722365537516705,269.38543714
1047.0,0.20486448,0.00371677,0.00053773,185.4087120946673,0.02391150562785652,0.08241779766601032,269.29462158
1048.0,0.20484877,0.00374161,0.00053557,185.00384044053038,0.023788322338004125,0.08686220542172142,269.15307546
1049.0,0.20485237,0.00376997,0.00053429,184.56700846557754,0.023788308118628518,0.09338519653237613,269.0622599
1050.0,0.20483522,0.00377192,0.00053341,185.1005135348882,0.023750579546783952,0.08546098861599077,268.96684441
1051.0,0.2047804,0.0037554,0.00053563,188.1837019012337,0.02378840820129376,0.08780177093461468,268.84895503
1052.0,0.20480719,0.00374664,0.00053899,185.39385655797378,0.023594776421542916,0.0875904875324757,268.71700304
1053.0,0.20475617,0.00376713,0.00054047,187.58492771304068,0.02359010447550067,0.08404187198560548,268.58058256
1054.0,0.20471418,0.00381668,0.0005399,189.53846883418703,0.023641774877322334,0.09242135258338639,268.47320728
1055.0,0.2047112,0.00382049,0.00053859,188.87378568615924,0.023543024086811755,0.09412967682613439,268.38120888
1056.0,0.20466315,0.00380921,0.00053983,191.29471738115726,0.02354585937208588,0.08742778987358495,268.25043972
1057.0,0.20464108,0.00381721,0.00054102,191.9116310678373,0.023503714170301063,0.08576548736996964,268.12992182
1058.0,0.20463594,0.00383109,0.00053852,193.89797316471441,0.023728363783473542,0.0900131314980057,267.95591341
1059.0,0.20459313,0.00385349,0.00053458,195.6510866471816,0.023708921800051613,0.08188024210241807,267.90465716
1060.0,0.20457404,0.00389224,0.00053364,195.97229874977376,0.023680881619350287,0.08976285989106954,267.77047092
1061.0,0.20453738,0.00392564,0.00053269,197.26596461332002,0.023661641446036757,0.0940024250078307,267.64272457
1062.0,0.20447794,0.00393221,0.00053022,200.35398683018886,0.02369068300237298,0.09461130132757938,267.53916066
1063.0,0.20447147,0.00396666,0.00052906,200.54913526599017,0.023714964490992134,0.09754424147894147,267.39551173
1064.0,0.20451973,0.0040014,0.00052625,196.60774725639783,0.02355800438910284,0.09861964854182563,267.27854234
1065.0,0.20443739,0.00399279,0.0005226,201.43554936629164,0.023643577772356986,0.10146669526806204,267.18943531
1066.0,0.20446264,0.00399604,0.00052278,199.98742922173372,0.023620396563635935,0.1081245104390806,267.0473635
1067.0,0.20438985,0.004013,0.00052196,202.7060814685647,0.02354710290408362,0.11224296746506421,266.94866236
1068.0,0.20435392,0.00404745,0.00052001,203.19820106121372,0.023440475256772883,0.1051721307304931,266.83642431
1069.0,0.20434622,0.00407712,0.00051906,204.70441202955737,0.023603508907601958,0.1033013332186816,266.70539231
1070.0,0.20437035,0.00410763,0.00052127,201.66171260917258,0.02342412184616993,0.10862850178460609,266.60471977
1071.0,0.20430443,0.00413393,0.00052193,205.96501608707433,0.02358737815296131,0.10620471960820355,266.51718987
1072.0,0.20426871,0.00415669,0.00051999,206.64002096541827,0.02349087810608895,0.10704602391847735,266.35487841
1073.0,0.20421522,0.004164,0.00051895,209.67559442395128,0.023550493822997363,0.11027468315239106,266.23028629
1074.0,0.2041952,0.00415576,0.0005165,210.23723261912124,0.023492389696007837,0.10507560947474547,266.10372278
1075.0,0.20413462,0.00416489,0.00051299,211.3348880319676,0.02329744862006553,0.10651798882660969,265.99319327
1076.0,0.20414037,0.00419119,0.00051243,211.07843105608362,0.023326536142423845,0.10508985870837907,265.84757295
1077.0,0.2040991,0.00420543,0.00051308,212.95609728900152,0.023333853845448664,0.1037166820770885,265.79815667
1078.0,0.2040759,0.00421326,0.00051267,213.8927269852029,0.023323396665808023,0.10496692893733103,265.61810266
1079.0,0.20411122,0.0042118,0.00051163,212.0284240666242,0.023299421352248786,0.10544034979596321,265.51900724
1080.0,0.20407549,0.00424,0.000509,214.79044529103055,0.023441159685582212,0.10131554471133875,265.40598064
1081.0,0.20402446,0.00429584,0.00050702,215.50949168892748,0.023311136718759607,0.10199758776795594,265.2737658
1082.0,0.20398812,0.00435541,0.0005032,215.89991405712956,0.0232233168449345,0.10049979038859613,265.21015548
1083.0,0.2039257,0.00439348,0.00050132,218.04892037022128,0.023174095918894515,0.09961239232194588,265.0642723
1084.0,0.20385948,0.0044173,0.00050221,220.52478389668192,0.023131863480275974,0.10651060515815414,264.91562918
1085.0,0.2038488,0.00443604,0.00050348,220.9388123511304,0.023143651151249837,0.11071446223091767,264.79484842
1086.0,0.20378781,0.00449014,0.00050213,223.80147739209121,0.02319451645211139,0.1010155979439125,264.68155897
1087.0,0.20369921,0.00453899,0.00049775,227.4191001478909,0.02317804446368733,0.10658854870395668,264.605726
1088.0,0.20367509,0.00459134,0.0004961,227.45391942026197,0.02311468094734316,0.10629209560982453,264.45813429
1089.0,0.20365435,0.00463634,0.00049763,228.4757459279068,0.02316583852643545,0.10268868216666588,264.30370841
1090.0,0.20360035,0.00468264,0.0004971,229.82020504395786,0.023089299478110163,0.10401112218626632,264.24338375
1091.0,0.20343906,0.00470159,0.00049835,237.193356242418,0.023089606036767303,0.1057119008601713,264.1026262
1092.0,0.20340743,0.00473341,0.00049858,237.801446975668,0.023034662120012917,0.11268131538983005,263.94333754
1093.0,0.20334275,0.00475877,0.00049779,241.1872292559332,0.02309095130424635,0.10718397153232354,263.82124253
1094.0,0.20321083,0.0047802,0.00049547,246.58457925991328,0.0230327393403526,0.0995557692410641,263.73528974
1095.0,0.20322243,0.00479485,0.00049407,246.76263135371104,0.023111268615458726,0.09441968911329375,263.58020673
1096.0,0.20320785,0.00482812,0.00049227,246.57528115646542,0.023056892721406236,0.10389370947698029,263.48439697
1097.0,0.20315498,0.00484557,0.00048748,249.16621423699652,0.023075899863931215,0.11149271698941148,263.37334177
1098.0,0.20310775,0.00488152,0.00048157,251.79256720555776,0.02313677782661365,0.11161699217383655,263.2335042
1099.0,0.20309533,0.00492701,0.00047643,249.84551214085778,0.022936963568358348,0.10613526421121447,263.15859122
1100.0,0.2030289,0.00496252,0.00047387,254.48875716295493,0.023104583747499984,0.1136848948729723,263.00823956
1101.0,0.20293086,0.00500651,0.00047199,258.172800210895,0.023057842244645143,0.10837863398595474,262.87063624
1102.0,0.20293147,0.0050298,0.00047161,257.29632280633905,0.023001388267567355,0.11068116422561482,262.76050102
1103.0,0.20290149,0.00506328,0.00047103,258.88435498260446,0.023045728888133804,0.12014423526076541,262.62276628
1104.0,0.20284082,0.00511339,0.00047039,260.8320383141619,0.023008501271709354,0.11447079647194584,262.49147143
1105.0,0.20276012,0.00517069,0.00047018,264.4588757893582,0.0230434729188647,0.10958986216532537,262.40893572
1106.0,0.20271967,0.00519938,0.00046964,264.83163856695154,0.022934918345662948,0.10527659302383922,262.24557286
1107.0,0.20266977,0.00521225,0.00046774,266.7994855161939,0.022912421233225996,0.10293536509597562,262.1107295
1108.0,0.202617,0.00523193,0.00046572,267.5402934817984,0.022779830432259892,0.11064897177043471,262.0157083
1109.0,0.20253641,0.00528042,0.00046556,270.3315919748674,0.022739650661142065,0.11112725409021558,261.87376792
1110.0,0.20247553,0.00532193,0.00046543,273.4317938931981,0.022796438466853166,0.11247351536082363,261.79740925
1111.0,0.20247512,0.00535902,0.00046439,273.9000158700076,0.0228617189323156,0.12012139738908693,261.63049788
1112.0,0.20239658,0.00538471,0.00046212,274.7553233224798,0.022649189580856918,0.12567277068807503,261.53481955
1113.0,0.20232769,0.00540317,0.00046044,280.2647339363696,0.02285248580090938,0.12012143391213881,261.38617643
1114.0,0.20235336,0.00540516,0.00045875,279.2688628319334,0.02286764088522682,0.11427725937259044,261.29996079
1115.0,0.20233395,0.00539424,0.00045229,279.6453095683052,0.022808242957038247,0.10863165014729692,261.14224925
1116.0,0.2023321,0.00539319,0.0004466,278.4264024969433,0.022693806380378385,0.12505101764361282,261.05235368
1117.0,0.20223447,0.0053951,0.00044341,281.8563022899587,0.022606277052821856,0.1332251318887507,260.90975617
1118.0,0.20219761,0.0054315,0.00044363,282.7570081911846,0.022570784884856556,0.1444370772595644,260.763873
1119.0,0.2021974,0.00549975,0.00044537,280.9801098627149,0.022480818122813523,0.14312938914715445,260.64953214
1120.0,0.20205408,0.00555291,0.00044655,287.0039720056364,0.022481506501735592,0.13803829674298101,260.50798604
1121.0,0.20198591,0.00560822,0.0004472,289.63956167770715,0.022485732124472285,0.13448307121734857,260.36039433
1122.0,0.20189269,0.00567201,0.0004446,293.5205469741526,0.02250010091922733,0.13121844429821264,260.25144195
1123.0,0.20180665,0.0057259,0.00044306,297.45383733384034,0.022537216984850787,0.11545388508136727,260.11331293
1124.0,0.20178705,0.0057621,0.00044094,296.66226827455455,0.02243263296590581,0.10902432869552124,259.99056079
1125.0,0.20170183,0.00581599,0.00044093,301.73010502350996,0.02255945626207316,0.1043190980183058,259.8650487
1126.0,0.20167678,0.00583088,0.00043932,301.30240295090096,0.022450813205864107,0.10434503986407812,259.76490188
1127.0,0.20162257,0.00586221,0.00043685,303.21742958201463,0.022428894217689278,0.10488489312451799,259.63623555
1128.0,0.20155112,0.00587105,0.00043779,306.2236644413738,0.02241872091796563,0.11030088426935172,259.50888349
1129.0,0.20151734,0.0059012,0.00043814,304.8418244553156,0.02222692234991088,0.12580426050020949,259.36431459
1130.0,0.20148757,0.00592028,0.00043656,308.8796728259764,0.02243389401142779,0.12545943583872565,259.24905375
1131.0,0.20149075,0.00592028,0.00043474,306.0170640398102,0.022234342557740174,0.12180239445940542,259.12998154
1132.0,0.20145779,0.00594718,0.0004342,306.5344633762566,0.02218171405357641,0.11696512807073875,258.98041844
1133.0,0.20140174,0.00599892,0.00043186,309.06888524168323,0.022214470367965342,0.11891111467262769,258.84846646
1134.0,0.20134435,0.00601543,0.00042969,312.33983626190235,0.022272310279616465,0.11306351876162078,258.75318241
1135.0,0.20128891,0.00607091,0.00042732,313.35520656409227,0.022200734788820106,0.12294840626794766,258.60545928
1136.0,0.20123552,0.00611583,0.00042393,313.5629185032008,0.022071858027149338,0.13271610238506232,258.48388998
1137.0,0.20118983,0.00611408,0.00042371,317.13572512007676,0.022177882508433597,0.12620899256773072,258.35469795
1138.0,0.201127,0.00612329,0.00042481,319.0960111387636,0.02212558898753158,0.12426894714603146,258.23470576
1139.0,0.20115975,0.00613961,0.00042463,317.59434241883605,0.022133047268553474,0.12518127277365645,258.09710245
1140.0,0.20109425,0.00617662,0.00042288,320.3767564262523,0.022144281690094005,0.13092297791771482,257.97211607
1141.0,0.20100893,0.00623253,0.00042264,322.4496425183392,0.02205943903338547,0.13063359207727304,257.86710647
1142.0,0.20100873,0.00628947,0.00042131,324.8365827801656,0.022256166892509508,0.1296263183961529,257.72411469
1143.0,0.20094066,0.00632834,0.00042356,327.6135343788293,0.022263349525326173,0.12484171718306684,257.61503088
1144.0,0.20091931,0.00636072,0.00042439,330.3135428448515,0.02240221405950962,0.13580284846240864,257.43392548
1145.0,0.20094764,0.00632891,0.00042518,326.96264541984783,0.022242454530971806,0.13293529868959184,257.31485328
1146.0,0.20083337,0.00633504,0.00042345,332.52605262117845,0.02227337874802697,0.1282594071899413,257.20064385
1147.0,0.20077362,0.00634555,0.00042064,335.93188123522043,0.022324723971132273,0.1359381461510373,257.09799993
1148.0,0.20084405,0.00636884,0.0004199,329.3037736541416,0.022106287299532946,0.1366011306910724,256.97301354
1149.0,0.20081294,0.00640674,0.00041805,330.27327221560193,0.022099282847028424,0.13734715509246243,256.82752466
1150.0,0.20068636,0.00641595,0.00041732,334.1846974654234,0.021989954625614823,0.14286434034842413,256.65430483
1151.0,0.2006613,0.00648916,0.00041984,333.60951024588996,0.021924728696718892,0.13916720745647088,256.53799258
1152.0,0.20057958,0.00655571,0.00042126,337.2374410070462,0.021965737488808906,0.1362698461017862,256.4445485
1153.0,0.20057363,0.00660684,0.00042045,339.1337233833092,0.022101172472414464,0.13314331784218947,256.309968
1154.0,0.20050104,0.00664993,0.00041842,338.03405658093635,0.021844080052453644,0.12348465843955965,256.154885
1155.0,0.20045915,0.00666089,0.00041799,340.6163116756912,0.021897302583028747,0.1262457540675238,256.01176179
1156.0,0.20043482,0.00665521,0.00041743,340.17444549542887,0.02179637003834189,0.12458376285300692,255.87481562
1157.0,0.2004069,0.00664851,0.00041322,344.35509524129236,0.021977065692675584,0.12708531662535189,255.77808588
1158.0,0.20035946,0.00667797,0.00040811,344.6224724621413,0.02187247246222022,0.12370931832174649,255.65664801
1159.0,0.20034489,0.00670232,0.0004048,344.5540336615482,0.021838009383237666,0.12363509347087717,255.51825615
1160.0,0.20028226,0.00670894,0.00040315,350.50180239447906,0.022040814539236047,0.12230421916970195,255.40036678
1161.0,0.20021491,0.00674525,0.00040379,354.00307783382254,0.02209354022401931,0.13430289938740445,255.2543522
1162.0,0.20018555,0.00678291,0.00040411,353.38895802336975,0.02199531340848423,0.13774622210685783,255.13738282
1163.0,0.20017169,0.00679797,0.00040422,351.21290502072856,0.02183034620776533,0.14238671035999018,255.00188233
1164.0,0.20012302,0.00681022,0.0004032,352.9212317429434,0.02180940533041242,0.1359240290581009,254.866119
1165.0,0.20007497,0.0068605,0.00040045,352.80096564063746,0.021697048031464425,0.12757165489464745,254.74573253
1166.0,0.2000681,0.00687596,0.00039725,351.3464702836708,0.02159464921265373,0.12774245140078183,254.62666033
1167.0,0.1999642,0.00689812,0.00039488,357.1941170654359,0.02168499262824729,0.1353220471746333,254.4728916
1168.0,0.1999218,0.00697027,0.00039334,359.4817671018478,0.021748405635555395,0.1364008834533393,254.32385421
1169.0,0.19983894,0.00701227,0.0003917,364.4078842901012,0.021846968004563972,0.13391105719488938,254.22305026
1170.0,0.19978094,0.00704343,0.00038975,366.9915361026732,0.021863641093638482,0.1307494618818279,254.07125292
1171.0,0.1996908,0.00708454,0.00038505,367.7575907174588,0.021692221174105467,0.13146720509404575,253.94022093
1172.0,0.19967868,0.00710442,0.0003839,368.04576494436253,0.02168731544990455,0.1300337997953393,253.83915413
1173.0,0.19954788,0.00713725,0.00038254,371.6021476776195,0.021578019473822777,0.125678193579578,253.66619716
1174.0,0.1996023,0.00715239,0.00038271,369.84737910505436,0.021621395526410396,0.12695465363133784,253.56539322
1175.0,0.19962334,0.00713599,0.00038334,369.01092562177865,0.021618145395782357,0.13828341745372438,253.46169789
1176.0,0.1995291,0.00712374,0.00038037,374.7293892836087,0.021703259055593248,0.14342947649398607,253.32895736
1177.0,0.19956719,0.00712398,0.00037708,374.6492122786153,0.021792595332088067,0.14833283493042623,253.21146228
1178.0,0.19951801,0.00718509,0.00037531,371.5432826578455,0.021517551759551206,0.1471031624797683,253.07569894
1179.0,0.1994945,0.00724146,0.00037425,374.0431761195805,0.021630750299502087,0.14727725578132864,252.93507284
1180.0,0.19947571,0.00727831,0.00037187,370.53466449758525,0.021397523082452942,0.1460988310242607,252.8092979
1181.0,0.19939532,0.00723781,0.000368,375.45566554640914,0.021457838874406773,0.14125504185003987,252.66380902
1182.0,0.19937304,0.00729981,0.00036703,379.9368972643932,0.02168865671469208,0.1350567090932503,252.51595447
1183.0,0.19935723,0.00733272,0.00036807,377.7173279726644,0.021540090413047004,0.14391824769558925,252.40910492
1184.0,0.19932469,0.00734855,0.00036876,379.73855232610265,0.021583286976656197,0.1415949182111883,252.26033039
1185.0,0.19929881,0.00734108,0.00036942,376.73487473085817,0.021346333973193472,0.13100953661578832,252.14809235
1186.0,0.19928742,0.00738604,0.00036992,378.5229263992322,0.021442303851159583,0.1242518675395659,252.04939123
1187.0,0.19927161,0.00739241,0.00036777,382.3876947085347,0.021623661110960767,0.12998482782846527,251.88497697
1188.0,0.19923916,0.00740678,0.0003645,382.25993439741575,0.021541339235094645,0.13133492323769325,251.75539067
1189.0,0.19918958,0.00742285,0.00036333,383.2938581342555,0.021485850236299314,0.13376842895581564,251.61253032
1190.0,0.19911217,0.00746773,0.00036339,382.5738370224084,0.021281585088011527,0.14213115106239835,251.47742412
1191.0,0.19916391,0.00751212,0.00036208,380.70939853592364,0.021321357391281888,0.1462986636989434,251.38647715
1192.0,0.19911432,0.00751342,0.0003586,384.14390136985196,0.021392110424893775,0.14447144762302547,251.25899367
1193.0,0.19906997,0.00752316,0.00035663,385.8220275496262,0.021382542831570636,0.14426252671122547,251.1220475
1194.0,0.19900293,0.00754422,0.00035664,390.10464895767797,0.021469765850858236,0.14060659391353783,250.98759843
1195.0,0.19898609,0.00756902,0.00035525,389.6349822957087,0.021414717788042183,0.14055851037920453,250.85222938
1196.0,0.198944,0.00759097,0.00035309,394.6298417319937,0.021597652817941113,0.1451634517144615,250.72500876
1197.0,0.19896196,0.00763423,0.0003536,394.14097833761076,0.021634652578446857,0.15468973763173935,250.59345107
1198.0,0.19888486,0.00768491,0.00035358,390.20116180311834,0.021261497733360075,0.1532376922422032,250.47687597
1199.0,0.19885468,0.00772573,0.00035108,393.83012686955135,0.021405738243263948,0.1556845335439229,250.32166155
1200.0,0.19879092,0.00772914,0.00035114,396.4352478934326,0.021400077790522127,0.15350512588735005,250.21270918
1201.0,0.19876618,0.0077164,0.00035025,395.35285379521235,0.021278021893522736,0.15098869933653142,250.09652836
1202.0,0.19868846,0.00773227,0.00034928,398.765116330324,0.021289500061837375,0.15828363713641191,249.96628494
1203.0,0.19871546,0.00777167,0.00034894,396.46209765656636,0.021245717407331048,0.15692641292139106,249.82421314
1204.0,0.19863672,0.0077739,0.00034817,397.8821208917765,0.021143201806618182,0.15556741185562634,249.71355223
1205.0,0.19860058,0.00778526,0.00034825,398.57532599860696,0.02110390204177665,0.156515690984477,249.51706997
1206.0,0.19855325,0.00781371,0.00034972,403.0803632828751,0.021249587863030404,0.15805202199013926,249.45661389
1207.0,0.19847707,0.00784358,0.00035276,405.5414342601267,0.021224093784891828,0.15562465081210008,249.2940396
1208.0,0.19848446,0.00786322,0.00035312,403.4118025817531,0.02113802874066772,0.15305084783274736,249.16156193
1209.0,0.1984129,0.00791045,0.00035449,409.6233652743021,0.021325362747874513,0.15086434281697889,249.02395863
1210.0,0.19833806,0.00796114,0.00035364,410.28462870643676,0.02121586591879229,0.15748292498232175,248.89148096
1211.0,0.19832974,0.00799579,0.00035253,412.42787346282984,0.02132279377468879,0.15451108855455922,248.79054559
1212.0,0.19822933,0.0080248,0.00035203,413.3361149311828,0.02116187964863948,0.14515695768745446,248.66082787
1213.0,0.19817944,0.00810158,0.00035487,414.0304748497088,0.02112464263125881,0.1497342706083426,248.51678469
1214.0,0.19810408,0.00815141,0.0003573,419.8248121972434,0.021279769636749917,0.15389980731784242,248.38798695
1215.0,0.19806301,0.00817154,0.00035693,419.7094140947822,0.02119390559132352,0.1457042064808861,248.26168631
1216.0,0.19804957,0.00817012,0.00035576,419.0205810356647,0.021128938946554734,0.13945016333006913,248.12237448
1217.0,0.1979663,0.00816866,0.00035403,426.0166941948336,0.021300667382158398,0.14084038503101234,247.98989681
1218.0,0.19792021,0.00814334,0.00035356,425.0320458749847,0.02114281948425738,0.14229744212076023,247.8512421
1219.0,0.19796055,0.00813932,0.00035287,424.31916041502683,0.02119032383646059,0.1453557797246053,247.71350738
1220.0,0.19793571,0.00812731,0.00035437,426.88253972884695,0.021261498815212894,0.15388006395332746,247.58562963
1221.0,0.19792708,0.00816054,0.00035648,426.67980400047674,0.021248686165021586,0.14718847523797138,247.46366606
1222.0,0.1979006,0.00821788,0.00035546,425.06698673364093,0.021135958064746812,0.14402390326592443,247.30450886
1223.0,0.1978544,0.0082503,0.00035436,429.3304632514598,0.021263058577650346,0.15408075902255042,247.22184174
1224.0,0.19783694,0.00826069,0.00035623,424.3038697813193,0.020983411538825054,0.15616540164192694,247.085027
1225.0,0.19777976,0.0083089,0.00035591,428.9150739624415,0.021111816077376434,0.15616163793602064,246.92468697
1226.0,0.19776076,0.00833702,0.00035512,430.09997386922646,0.02114169015507272,0.1572944805848278,246.8207288
1227.0,0.19775132,0.00834145,0.00035595,430.622712464492,0.02115016235649266,0.15713732006305273,246.63423493
1228.0,0.19772401,0.00836498,0.00035414,429.8447451484908,0.021063849655155092,0.15722730456120135,246.51752842
1229.0,0.19773181,0.0083899,0.00035153,430.69014912967594,0.021129921382195854,0.16459304254449775,246.3988505
1230.0,0.19769444,0.00841356,0.00035189,429.05756677797683,0.02098279642276048,0.1671504837101786,246.26952707
1231.0,0.19763479,0.00844042,0.00035137,431.5657596061078,0.020993532530572682,0.17038821214748695,246.1370494
1232.0,0.19759075,0.00848282,0.00035154,436.0626974017669,0.02113917535928038,0.16799472244716374,246.03519405
1233.0,0.19757986,0.00847515,0.00035288,434.0085819417164,0.021015202137829057,0.17064322874465324,245.86157996
1234.0,0.19757596,0.00849062,0.000352,433.7548342447432,0.021000650887542535,0.1680722069687225,245.73830213
1235.0,0.19754516,0.00848895,0.00035027,433.35088248795785,0.020916822113742625,0.17477665329118347,245.61226435
1236.0,0.19752586,0.00849804,0.00034856,431.4195160683044,0.020787333291430187,0.17816692050153385,245.46164986
1237.0,0.19753972,0.00848944,0.00034822,436.44467306200585,0.021053881281894653,0.1834040701545206,245.32628081
1238.0,0.19751026,0.00847252,0.00035119,435.3523462302015,0.020936874275128484,0.19068837066703348,245.22008839
1239.0,0.19752165,0.00843871,0.00035198,431.444848093946,0.02075877743448181,0.18006627228430427,245.02754893
1240.0,0.19749075,0.00842991,0.00035201,435.2735743233055,0.020877402502797772,0.19486070158541113,244.91925369
1241.0,0.19753716,0.00843214,0.00035384,430.70569494958056,0.020752834721581348,0.19017153222455974,244.80110149
1242.0,0.19752904,0.00842861,0.00035516,431.03601152252156,0.020751992617752797,0.19589677103908573,244.67979505
1243.0,0.1975198,0.00841218,0.00035533,433.30831049264157,0.02083639238733598,0.1952741156645972,244.51998072
1244.0,0.19760964,0.00840568,0.00035396,427.59381030203866,0.020737328278921777,0.19610906201370856,244.40997695
1245.0,0.19757709,0.00839659,0.00035251,428.89422749142307,0.02073028571347199,0.19673788671056702,244.26488236
1246.0,0.19752915,0.00842626,0.0003521,432.5648904497215,0.020822807047624774,0.19805394843224283,244.13463894
1247.0,0.1975967,0.00840605,0.0003531,431.7747294111021,0.020913391755842885,0.19793786918869294,244.01214967
1248.0,0.19758161,0.00841863,0.00035441,429.16770572886315,0.020762692176716172,0.1991989345595858,243.8606152
1249.0,0.19760954,0.00841757,0.00035367,428.10682566281594,0.020766587460878252,0.20465626470998133,243.7410173
1250.0,0.19760286,0.00839038,0.00035423,431.35653412861956,0.020900058218840705,0.2132065683108739,243.59066567
1251.0,0.19760676,0.00837099,0.00035645,428.2983553621838,0.020753460993205512,0.2114977813932366,243.47054207
1252.0,0.19758674,0.00838446,0.00035787,429.4577550561076,0.020775691930551655,0.2124145144346959,243.35843547
1253.0,0.19757668,0.00841672,0.0003581,430.4242854800718,0.020815296298987165,0.21198967959148562,243.21675797
1254.0,0.19756457,0.00842058,0.00035604,433.32890989890313,0.0209313864198492,0.20497874259774632,243.06233212
1255.0,0.19756241,0.0084125,0.00035256,430.6340295325079,0.020791273931106132,0.1976980706046036,242.95245977
1256.0,0.19754301,0.00842224,0.00035167,427.7057836626967,0.020614534917843475,0.20729471919709402,242.80775946
1257.0,0.19756436,0.00843247,0.00035294,429.6060518692646,0.02075379054672469,0.20461653525253193,242.6677905
1258.0,0.19754044,0.00837054,0.00035344,432.1062710234109,0.020802004564243012,0.20944504958295324,242.57592355
1259.0,0.19760492,0.00833739,0.00035211,426.16641993889954,0.020630143086925748,0.20159057440279568,242.42018344
1260.0,0.19771015,0.00835963,0.00035314,422.1682757323047,0.020656746081905496,0.20561594663305724,242.30005984
1261.0,0.19762124,0.0083959,0.00035393,425.74548682957834,0.020667022463959496,0.21020861891794612,242.18913609
1262.0,0.19762535,0.00838998,0.00035482,425.948845632281,0.020683384218555794,0.2246510580976648,242.03865303
1263.0,0.19763859,0.00837034,0.00035445,427.7587843079753,0.020789853731317302,0.22526903634927734,241.89395272
1264.0,0.19758993,0.00835135,0.00035305,427.2139946380481,0.020657069022752845,0.21949545847289625,241.80353146
1265.0,0.19764239,0.00832899,0.00035138,425.56268948907217,0.020672094477454783,0.20982794108860536,241.66881955
1266.0,0.19761025,0.00832241,0.00034812,431.4129305674002,0.02088613169696827,0.21789538911688763,241.52871916
1267.0,0.19770183,0.00829531,0.00034655,429.95869621810976,0.020989876255754096,0.21354589333168772,241.37113908
1268.0,0.19769711,0.00824134,0.00034669,428.561055585695,0.020890139563406147,0.21003158094218755,241.2340615
1269.0,0.19788314,0.00822612,0.00034753,426.0105977957955,0.021143936894105698,0.21683817689098978,241.13549181
1270.0,0.19791918,0.00822068,0.00034796,415.62526781170595,0.020700703074326785,0.22515814065875375,241.00721979
1271.0,0.19793181,0.00818615,0.00034698,415.1436369958816,0.0206878651584269,0.2199090289467353,240.84346268
1272.0,0.19796918,0.00815697,0.00034582,414.61506954910516,0.0207259592299056,0.2208086371740153,240.73464174
1273.0,0.19802657,0.00816509,0.00034597,412.2125633730975,0.020728446983042107,0.2191731085686778,240.62450654
1274.0,0.19805819,0.00812698,0.00034388,412.97499635109324,0.020815643331488127,0.2136598170099399,240.49807449
1275.0,0.19807297,0.00807378,0.00033931,412.85875983029086,0.020815259223780552,0.21793136500769686,240.34588289
1276.0,0.198124,0.00803203,0.0003368,412.2518760735133,0.020872868179609275,0.2191966365501243,240.22089653
1277.0,0.19815993,0.0080257,0.00033676,408.95333157844857,0.020778901236802216,0.22122186628531798,240.06594497
1278.0,0.19821393,0.00803507,0.00033501,402.3757219424716,0.020560423125057473,0.215264011316098,239.9949748
1279.0,0.19821363,0.0080496,0.0003303,408.0065424540995,0.020850303746359752,0.2216930902231338,239.88063396
1280.0,0.19825439,0.00801864,0.00032823,406.58259155188335,0.020849865051925404,0.21927620028946454,239.7511791
1281.0,0.19830284,0.0079936,0.00032382,407.7396246440613,0.02099975314913827,0.20782150864446577,239.61239298
1282.0,0.19834473,0.00797773,0.00031983,404.8546252833342,0.020931923067083087,0.20156408434820725,239.50041782
1283.0,0.19839103,0.00794267,0.00031724,399.2830694115051,0.02072638498264485,0.20427660908201586,239.38371131
1284.0,0.198455,0.00788079,0.00031722,401.11274557321235,0.020933754931243026,0.21564317312214806,239.206943
1285.0,0.19853723,0.00784394,0.00031726,396.2835302042082,0.02084507378626155,0.21349984947455647,239.13373858
1286.0,0.19852255,0.00779314,0.00031777,398.6037326492544,0.02091267178276553,0.20113083322024694,238.99574101
1287.0,0.19864113,0.00775787,0.00031824,394.5335630072524,0.020945303818898777,0.20440966863863486,238.87272604
1288.0,0.19858877,0.00771713,0.00031872,396.5987457742476,0.02092046501499276,0.2002579845962198,238.76180229
1289.0,0.19870191,0.00766113,0.00031698,391.17398113149187,0.020857981474302588,0.20238366949985592,238.65626701
1290.0,0.19875981,0.00762015,0.0003158,388.6776394480006,0.020834749318849214,0.19488059015256406,238.55441167
1291.0,0.19880981,0.00757648,0.00031577,387.96391453298645,0.020889159166410334,0.19912069271345728,238.44506503
1292.0,0.19886998,0.00756431,0.00031414,388.4675492158491,0.021046329779808786,0.2014163992734952,238.31705586
1293.0,0.19895888,0.00751943,0.00031409,382.9676031768938,0.020930213761015233,0.20064656876824535,238.19036096
1294.0,0.19905549,0.007467,0.00031258,379.84323114174083,0.020956290765658216,0.19361492240053346,238.0683974
1295.0,0.19915508,0.00743401,0.00031076,374.9662286572276,0.0209011415183333,0.18949429035447787,237.98152465
1296.0,0.19921668,0.00739327,0.00030982,377.49457933796566,0.021167965333635057,0.185245602110543,237.88676632
1297.0,0.19929974,0.0073378,0.0003081,373.8829266761403,0.02113534266910986,0.18845331430890225,237.75507722
1298.0,0.19941729,0.00727932,0.00030357,364.8399128312284,0.020871423513995697,0.19021825562648503,237.67306724
1299.0,0.19947622,0.00724105,0.00029858,365.1337603420906,0.021007951944744526,0.19926234628723447,237.56884623
1300.0,0.19954059,0.00717584,0.00029499,369.9093574028054,0.02140665051488468,0.19434857318732893,237.41875745
1301.0,0.19967098,0.00708036,0.00029296,358.4620358810194,0.021014465894232906,0.18941616018998222,237.30244522
1302.0,0.1997795,0.00699928,0.00028832,354.203751517843,0.02098918679782458,0.18133607078122285,237.17207038
1303.0,0.19986595,0.00697144,0.00028451,353.5080847920307,0.021148592406081843,0.1761306123770863,237.0759978
1304.0,0.19995752,0.00691638,0.0002825,350.77363930657526,0.021188618756950668,0.1901784750540287,236.99595921
1305.0,0.20005095,0.00684808,0.00027891,350.24483583491894,0.02136047853963913,0.18657904081803234,236.87912128
1306.0,0.20016563,0.0067341,0.00027488,343.0894524655009,0.021158850473034483,0.18186016234871194,236.77253459
1307.0,0.20026573,0.00668848,0.00027383,341.11397663679224,0.02127634051013577,0.1802658060793729,236.68198191
1308.0,0.2003685,0.00664559,0.00027163,336.06464153770827,0.021210295016316383,0.1787930158032616,236.57762946
1309.0,0.20046223,0.00663553,0.00026967,335.533154442108,0.0214248659728157,0.17811017113622687,236.44488896
1310.0,0.20050895,0.00659377,0.00026872,330.5338916295444,0.021209304311967107,0.18423501974437786,236.37444449
1311.0,0.20058533,0.00655563,0.00026765,326.61108401356205,0.021144480354822096,0.16780416761489034,236.264835
1312.0,0.20065032,0.00651172,0.00026808,327.42325783241427,0.021353929774758546,0.1647180539302411,236.12802027
1313.0,0.20075535,0.00644862,0.00026557,324.47698046621724,0.021419405252020705,0.16157791230570287,236.07492407
1314.0,0.20086469,0.00638889,0.0002629,320.0679654994842,0.021403053326682284,0.15737748520342842,235.96281748
1315.0,0.20097136,0.00632928,0.00025853,317.0040860809895,0.021468006520164395,0.14716616617948836,235.88593313
1316.0,0.20110903,0.00623866,0.00025391,309.5056847924628,0.021303211615577296,0.14807068747077431,235.79945466
1317.0,0.20119651,0.0061924,0.00024962,312.58049014378463,0.021746572881861156,0.1531995392105447,235.70062212
1318.0,0.20135205,0.00612719,0.00024714,303.63880104020944,0.021553110950223074,0.15232352006306352,235.60520666
1319.0,0.2014117,0.00603309,0.00024536,299.76961449772153,0.021401171831018372,0.1365156018259299,235.5242481
1320.0,0.20150307,0.0059697,0.00024323,299.17970862312256,0.021601534965235092,0.15017867239754626,235.41634715
1321.0,0.20164413,0.00591463,0.00024149,294.70532170089626,0.02168782646962361,0.15206076198598692,235.33906852
1322.0,0.20175553,0.00587548,0.00023774,288.7805589737406,0.021580016876965914,0.14050289303536312,235.25403574
1323.0,0.20186979,0.00579598,0.00023497,286.1544279508532,0.02170262011031187,0.12889602073715606,235.13522641
1324.0,0.20195162,0.00572529,0.00023138,285.16416574591295,0.021849673993496802,0.12630545307929447,235.04887937
1325.0,0.20208488,0.00567177,0.00022946,278.2019428509869,0.021726425533816637,0.13056958457546028,235.00301161
1326.0,0.20210398,0.00559256,0.00022511,276.7091652917997,0.021615014634256788,0.12431375692483126,234.89747633
1327.0,0.20219607,0.00552479,0.00022154,276.15337998920734,0.021837872522647166,0.1216534505053463,234.83412888
1328.0,0.2023976,0.00544379,0.00021803,267.61979685753937,0.02180520777880392,0.11519579402412312,234.7120339
1329.0,0.20254175,0.00535821,0.00021444,262.8503562778717,0.02186980917436648,0.10758487949733556,234.62778968
1330.0,0.20261074,0.00531288,0.000212,262.10348742283287,0.022026574042018722,0.10464933718346366,234.59099033
1331.0,0.20262286,0.00528683,0.00021055,259.5709092268393,0.02183724481054021,0.10670986198952032,234.49084353
1332.0,0.20278312,0.00521269,0.00021099,254.93969728581297,0.021992777573825305,0.0942004107307802,234.40278794
1333.0,0.20288332,0.00514651,0.00020866,251.27704324770622,0.022007667491806035,0.09393520645882118,234.32800641
1334.0,0.20296042,0.0050903,0.00020392,247.09956299216765,0.021890813081254207,0.09085253089764232,234.25821908
1335.0,0.20305375,0.00501085,0.00020016,244.36771185450783,0.021948020943510584,0.09245477169615161,234.17200346
1336.0,0.2031866,0.0049622,0.00019765,240.83502749635312,0.022123077108574644,0.09093148167052909,234.11417591
1337.0,0.20329974,0.00491443,0.00019663,236.07677695725914,0.022110968640544168,0.08436912348607364,234.01389769
1338.0,0.20339881,0.00485876,0.00019371,232.82745442994943,0.022172358141058647,0.0769211096828822,233.95370447
1339.0,0.20351893,0.00479614,0.00019197,228.10421850608094,0.022180625259227385,0.07763132551888718,233.87682011
1340.0,0.20357427,0.00473146,0.00019296,225.33002823323216,0.022096228280375094,0.0755410417066716,233.81373552
1341.0,0.20364983,0.00468045,0.00019343,222.49844950577784,0.022106232383780892,0.08241731136343396,233.72462852
1342.0,0.20371266,0.00460895,0.00019197,221.0282236931053,0.02217378679627028,0.07673078123888251,233.67310944
1343.0,0.20380219,0.00453745,0.00018934,220.13295574427428,0.022422408371063005,0.07631471268244765,233.59399084
1344.0,0.20388432,0.00450454,0.00018717,214.83882959334804,0.022226882277588227,0.07191346430978625,233.53143194
1345.0,0.20404612,0.00445686,0.00018427,207.98632733543357,0.02222452907865223,0.06655841957631181,233.47702148
1346.0,0.20409633,0.00440066,0.00017944,208.3583037590688,0.022445053251818295,0.0625770668313523,233.40631416
1347.0,0.20415906,0.00435131,0.00017724,205.50191953044992,0.022391963019145218,0.05819269144327032,233.33153263
1348.0,0.20426193,0.00431272,0.00017485,200.33664438568172,0.022294729539951978,0.04869834285918602,233.28421918
1349.0,0.20428565,0.00426326,0.00017227,200.82744176680768,0.022413788726458928,0.05047554545612327,233.17224402
1350.0,0.20435351,0.00420644,0.00016859,199.78940436853844,0.022579877250644285,0.04434876700282449,233.15870712
1351.0,0.20442219,0.00417946,0.00016204,196.22494565502953,0.02249233607906721,0.038247527975707324,233.08786837
1352.0,0.20448112,0.00416489,0.00015712,193.79195204499632,0.02249848226806728,0.03636242606299653,233.00533269
1353.0,0.20454899,0.00411031,0.00015632,190.08604788781247,0.022366559226650283,0.03646339046903355,232.97418467
1354.0,0.20459005,0.00405756,0.00015397,190.2517363212634,0.022545074755452414,0.04231536111801584,232.90111168
1355.0,0.20469642,0.00399815,0.00015428,186.66355654540592,0.022635206887983702,0.03982700511076689,232.8260673
1356.0,0.20474323,0.0039697,0.00015179,185.11004261958277,0.022671603752514913,0.033108667733277926,232.78033096
1357.0,0.20482187,0.00393647,0.00014897,180.8214949526492,0.022545182043800252,0.025341041182415484,232.71488069
1358.0,0.20491171,0.00386935,0.00014729,177.6771079957337,0.02258648634021963,0.029910221288700817,232.66191592
1359.0,0.20496663,0.00385823,0.0001467,174.5573992371229,0.02249573150538432,0.02199087961405851,232.62853365
1360.0,0.20499785,0.00381498,0.00014518,174.33309359579735,0.02259631286795163,0.013219845762837062,232.55283214
1361.0,0.20507341,0.00378519,0.00014174,171.5753313495089,0.022647613315165432,0.01614264491844645,232.4614909
1362.0,0.20509271,0.00376149,0.00013618,172.34100054092636,0.022825615438304126,0.010939668140347051,232.44151411
1363.0,0.20519825,0.00371401,0.00013167,168.1278174147724,0.022849491568390605,0.013389193477196993,232.38460655
1364.0,0.20522679,0.00367015,0.00013093,166.88513993419207,0.022802374285278742,0.008303883016408505,232.32112767
1365.0,0.20532186,0.00367047,0.00012794,162.96495228394895,0.022867051779537635,0.002652568042958872,232.28314549
1366.0,0.20531118,0.00366195,0.00012668,162.44910634205897,0.022710935001531894,-0.0021565784663241704,232.18773004
1367.0,0.20539712,0.00362214,0.00012565,159.07214328225308,0.022741204687120466,-0.006316984843061269,232.16341618
1368.0,0.20541652,0.00363046,0.00012533,158.5177670523741,0.022801804117853677,-0.003899750230758863,232.11439419
1369.0,0.20543623,0.00361427,0.00012436,158.08104575602795,0.02284664485726419,-0.006981682337081408,232.02173869
1370.0,0.20553664,0.00354017,0.00012298,154.77707048245753,0.022942542146440564,-0.007268569530050973,231.99545344
1371.0,0.20553951,0.00350848,0.00012185,155.9273526197916,0.023084695351217068,-0.010914107867907986,231.956157
1372.0,0.20560235,0.00354886,0.00012,151.8858526809406,0.022976640191165132,-0.009981455613704459,231.87191278
1373.0,0.20559588,0.00358359,0.00011832,151.15069037722904,0.022866282907910086,-0.019117634659691702,231.85693018
1374.0,0.20567832,0.00355064,0.00011759,147.6528121092523,0.022870248479537916,-0.019307424566205236,231.78425147
1375.0,0.20567894,0.00347825,0.00011282,148.65652202906665,0.022909936999841958,-0.02760204986275933,231.73260096
1376.0,0.20565676,0.00341182,0.00010918,150.58543321891617,0.022938862347577443,-0.025308936512163836,231.71367558
1377.0,0.20574187,0.00340691,0.00010482,147.72658733692106,0.023097354994277446,-0.031846430568515376,231.63955118
1378.0,0.20574341,0.00336909,0.00010168,148.750502258666,0.02320296627917656,-0.036083487720090804,231.60262041
1379.0,0.20580265,0.00333545,9.923e-05,146.47392300999766,0.0232289487222012,-0.03852696230426721,231.57672944
1380.0,0.20591291,0.00331751,9.65e-05,140.61727156651648,0.02309097381884512,-0.037973016424965596,231.51127917
1381.0,0.20590244,0.0032945,9.25e-05,140.84269092942628,0.022999794919377353,-0.040965028358422,231.47421697
1382.0,0.20589351,0.00329556,8.976e-05,141.98547099988065,0.023111922364853977,-0.035778195676053955,231.38484712
1383.0,0.20604802,0.0032409,8.832e-05,134.7957622953622,0.02303618704664868,-0.04093768159223734,231.35553907
1384.0,0.20601219,0.00324313,8.782e-05,136.97367208360004,0.02312110205628291,-0.04532143943388269,231.32846527
1385.0,0.20611691,0.00322024,8.719e-05,132.35573412840293,0.0231388681266441,-0.04930179781631286,231.29442587
1386.0,0.20605305,0.00320101,8.558e-05,136.41190442318685,0.023278539763061244,-0.05809686670179262,231.2074217
1387.0,0.20617184,0.00316075,8.404e-05,131.36661187920475,0.02331242523359876,-0.056718397931472334,231.18468496
1388.0,0.206182,0.00311405,8.046e-05,130.762081822653,0.023198995773847174,-0.05942103608065066,231.13645153
1389.0,0.20624545,0.00304758,7.986e-05,128.81029222979726,0.023270891116345043,-0.058897494059058864,231.08742954
1390.0,0.20634627,0.00301138,8.063e-05,124.19456269330699,0.0232414181631438,-0.06533489807073045,231.06022431
1391.0,0.20635797,0.00305573,7.649e-05,123.74120889085856,0.02333051387830289,-0.07080221303856338,231.03919611
1392.0,0.2064552,0.00301978,7.238e-05,119.76282956370774,0.023378106363545422,-0.07440985627884303,230.93116374
1393.0,0.20644781,0.00292982,6.892e-05,121.14915375977392,0.023394259125426215,-0.07802719749755105,230.9590261
1394.0,0.2065359,0.00292507,6.497e-05,116.85903382735356,0.02335793990218834,-0.07505795618103017,230.90461564
1395.0,0.20650479,0.00297612,6.41e-05,118.84715939968751,0.02355441274522006,-0.08042318777688248,230.83771968
1396.0,0.20654462,0.00295985,6.592e-05,116.48237175536492,0.02343862181936425,-0.08414614203376074,230.84862806
1397.0,0.20660119,0.00292393,6.587e-05,114.12187878888794,0.023438154950880037,-0.08333973278924155,230.84468527
1398.0,0.20657768,0.00285442,6.202e-05,115.57677607737608,0.023351456171630133,-0.0848197697963825,230.73520721
1399.0,0.20664996,0.00287783,5.846e-05,111.74325089319453,0.02330930970807249,-0.09160636020722374,230.72653308
1400.0,0.2066401,0.00286838,5.748e-05,112.79322551087937,0.02340672282199844,-0.09243010874430865,230.69972213
1401.0,0.20669677,0.00285868,5.839e-05,111.12616670306426,0.02361275155305555,-0.09455471011553561,230.61061514
1402.0,0.20677121,0.00280698,5.759e-05,108.01380025590547,0.02360359210525605,-0.10421767514102785,230.62651771
1403.0,0.20681956,0.0027608,5.521e-05,106.24459599342318,0.02361851793666678,-0.10692876131602627,230.58262135
1404.0,0.20686576,0.00272761,5.588e-05,104.16769716377758,0.023581814876956046,-0.10993862161333572,230.53964497
1405.0,0.20687572,0.00268013,5.713e-05,103.94466338092079,0.023537224510104638,-0.11321122681058882,230.5483191
1406.0,0.20691597,0.00269316,5.495e-05,102.09740657905412,0.02358096178909151,-0.10872614041580227,230.48510308
1407.0,0.20696258,0.00269438,5.525e-05,99.22326925928195,0.023438506920293173,-0.1114532693242215,230.42714411
1408.0,0.2069904,0.00268776,5.429e-05,97.99380915867387,0.023444707489283973,-0.11702806723025308,230.44081244
1409.0,0.20699728,0.00264698,5.032e-05,98.64838985596138,0.02356719619551177,-0.11885562502267076,230.38009351
1410.0,0.20700057,0.00260818,4.941e-05,99.01802897074685,0.023596814224070724,-0.11707008879993182,230.31766605
1411.0,0.20705909,0.00258351,4.802e-05,96.59950188451991,0.023631696301998857,-0.12128066647390467,230.3149061
1412.0,0.207075,0.00254265,4.528e-05,96.48547496792496,0.023680847169607618,-0.12296230187165716,230.27429539
1413.0,0.20711935,0.00253814,4.435e-05,94.78610336320992,0.023779666238128914,-0.12583924383834408,230.24419878
1414.0,0.20712726,0.00252301,4.474e-05,94.7059004929744,0.023819640618278938,-0.1280254981047376,230.19267969
1415.0,0.20720261,0.00250544,4.195e-05,91.14029196702674,0.023791308318407752,-0.12898065121862753,230.13143507
1416.0,0.20719183,0.00248263,3.847e-05,92.32747884164385,0.02388734340026414,-0.13102786273437456,230.10173274
1417.0,0.2072368,0.00247374,3.77e-05,89.99658473775412,0.023826388542062614,-0.1343771855258064,230.11632105
1418.0,0.20725908,0.00246332,3.652e-05,89.14428435411898,0.023856187697360753,-0.1353732044292296,230.04981937
1419.0,0.20729553,0.00246376,3.756e-05,87.4039676503021,0.023874297107025034,-0.13868168412615836,230.04285378
1420.0,0.20732099,0.00245666,3.759e-05,86.04491762540303,0.02382356512424701,-0.14000691333224924,230.01972276
1421.0,0.20729933,0.00241669,3.722e-05,87.50400923559593,0.023820178470845024,-0.1431265690060562,230.00894581
1422.0,0.20736247,0.00240444,3.92e-05,84.31116027240625,0.023764660733709145,-0.1457792052839561,229.96504945
1423.0,0.20735004,0.00240362,4.101e-05,85.18481819898062,0.02384566497571175,-0.14603823320387985,229.93337572
1424.0,0.20737776,0.002377,4.17e-05,83.92855012637523,0.02380067769453428,-0.1471019584629914,229.87029113
1425.0,0.20741883,0.00238459,3.927e-05,82.21041846002989,0.023895101499304888,-0.1494372238267995,229.89250216
1426.0,0.20741585,0.00237911,3.795e-05,82.01105933112784,0.02377226961876382,-0.1512978675890263,229.83349178
1427.0,0.20747889,0.00237599,3.694e-05,78.80517263750245,0.023718874588344676,-0.15321661575123546,229.83401748
1428.0,0.20750096,0.00238427,3.77e-05,77.72731919111415,0.023747542609033948,-0.15083314754834865,229.78315553
1429.0,0.20750661,0.00237327,3.997e-05,77.44382422593162,0.023722607301770615,-0.1516643179592897,229.75135038
1430.0,0.20756205,0.00237096,4.048e-05,75.10097152511081,0.02383166407772044,-0.15921191506548546,229.71980808
1431.0,0.20752961,0.00233862,3.926e-05,76.87912364881393,0.023782250082070994,-0.15977386185619685,229.72729938
1432.0,0.20752735,0.00231062,3.821e-05,77.45107735641005,0.023831298957790743,-0.16043449398883902,229.71875667
1433.0,0.20756954,0.00229804,4.01e-05,75.85095600602499,0.023947696396401916,-0.1589666494711003,229.65422639
1434.0,0.2075755,0.00227783,4.148e-05,75.43175857424083,0.0238498423048587,-0.16068711959954235,229.63608957
1435.0,0.20758197,0.00227633,4.324e-05,75.44640987727976,0.023959724806297437,-0.1585499876611795,229.59140465
1436.0,0.20759398,0.00225733,4.35e-05,74.6261106717277,0.023825825572318972,-0.15898544484243995,229.61177571
1437.0,0.20760917,0.00224735,4.396e-05,74.27515826359067,0.02392198824637404,-0.1607178277512738,229.55473673
1438.0,0.20762981,0.00227125,4.252e-05,73.12655183989588,0.023950065628756862,-0.15825955468966665,229.53029145
1439.0,0.20762057,0.00228396,4.193e-05,73.86826743097072,0.02408283361709956,-0.16275867691386375,229.48140088
1440.0,0.20765743,0.00226119,4.078e-05,71.97522594008089,0.02397511213913156,-0.1658632363980358,229.4779838
1441.0,0.20767355,0.00225973,4.065e-05,71.37480253542432,0.024034534599642693,-0.16759016153720713,229.44736149
1442.0,0.20765209,0.00227276,4.201e-05,72.568371998975,0.024131269151200514,-0.16419323491190746,229.41463635
1443.0,0.2076527,0.00226269,4.278e-05,72.76150808683096,0.024175330796623654,-0.1653854508935587,229.41700203
1444.0,0.20767396,0.0022648,4.27e-05,71.73603361800754,0.02419252308537815,-0.16850943880913444,229.33854056
1445.0,0.20764737,0.00226034,4.2e-05,72.66487185951851,0.02404330761140349,-0.16929976070525496,229.31107248
1446.0,0.20771266,0.00222483,4.094e-05,69.8636298879438,0.024057406733052417,-0.16884685338504493,229.28649577
1447.0,0.20769716,0.00220754,4.028e-05,70.45196685745995,0.023932726150879196,-0.17235931027991347,229.28189585
1448.0,0.20767293,0.00218312,3.839e-05,71.81544649866889,0.023896167660307156,-0.17407908337036007,229.28544436
1449.0,0.20772991,0.00217857,3.753e-05,69.4398241488472,0.0240210003448495,-0.17390038966251087,229.24089087
1450.0,0.20774213,0.00217378,3.842e-05,68.8128026792404,0.024000791393815266,-0.17350414512492937,229.19055462
1451.0,0.20776317,0.00215974,3.832e-05,68.22512683493886,0.024108263411526377,-0.17788805953889514,229.22143978
1452.0,0.2077603,0.00217906,3.856e-05,68.13596788779499,0.02409838075104048,-0.1771559325589178,229.15033819
1453.0,0.20780547,0.00218109,3.935e-05,65.97997793647363,0.024140673305494766,-0.17956211405016195,229.17070925
1454.0,0.20777098,0.00217609,4.103e-05,67.62954419664366,0.02411050635688084,-0.1764669199840268,229.1674236
1455.0,0.20778237,0.00215723,4.252e-05,66.83620620846389,0.023967736226880927,-0.17788555270022796,229.10249904
1456.0,0.20780096,0.00210622,4.325e-05,66.97546416055314,0.024164035957489744,-0.1777513966534166,229.07489953
1457.0,0.20783658,0.00208702,4.434e-05,65.6311488692664,0.02425447451156126,-0.17898272261446355,229.05032282
1458.0,0.20780157,0.00209587,4.554e-05,67.41039415112049,0.02430732140769653,-0.17963227861883596,229.024169
1459.0,0.20788268,0.00209291,4.526e-05,63.038082411381914,0.024170980804771286,-0.18216262096852692,229.00668931
1460.0,0.20786256,0.00206373,4.413e-05,64.40178190761686,0.024187001254863675,-0.18359621482182695,228.97698698
1461.0,0.20792179,0.00202879,4.315e-05,62.139563739778104,0.024305883810627996,-0.18547159321871462,228.9635815
1462.0,0.20790383,0.00203005,4.498e-05,62.668419632920184,0.024180905166892107,-0.18400519559277873,228.91232527
1463.0,0.2079106,0.00204105,4.658e-05,62.29219223779678,0.024220421257287673,-0.18760930987391697,228.93808481
1464.0,0.20792734,0.00204324,4.633e-05,61.3737434574699,0.024194210395076146,-0.1886859553266404,228.92757071
1465.0,0.20792128,0.00202749,4.371e-05,62.07647077891277,0.024269732268415875,-0.18865078716678074,228.84358935
1466.0,0.20796871,0.00199446,4.267e-05,60.12796445094212,0.024292658955457392,-0.19315036072272823,228.88288579
1467.0,0.20798914,0.00195522,4.321e-05,59.42543014507758,0.024259473679546638,-0.19376805064065292,228.82663536
1468.0,0.20792888,0.00194102,4.29e-05,62.59970145685672,0.024265715434797473,-0.19212234046189397,228.80718428
1469.0,0.20804315,0.00193371,4.13e-05,57.08276569333217,0.02429990876045249,-0.19226407602836515,228.82676679
1470.0,0.20799161,0.00191347,4.012e-05,59.749011866678494,0.02424311473766089,-0.1952393707521037,228.75198526
1471.0,0.20811388,0.00190649,4.036e-05,53.97016043286811,0.02435509992975285,-0.19718111214428483,228.76092224
1472.0,0.20805331,0.00189768,4.253e-05,56.822214820498566,0.024254239889260988,-0.20056432454743925,228.73621411
1473.0,0.2080913,0.00190998,4.239e-05,54.97370114641394,0.0243303042707283,-0.20141561277065775,228.69678624
1474.0,0.20812518,0.0019092,4.222e-05,53.523713497654164,0.024437309939370978,-0.20013436396870227,228.70848317
1475.0,0.20810331,0.00191614,4.406e-05,54.081621321528864,0.024241547838013404,-0.20181684361175323,228.64487287
1476.0,0.20820402,0.00190981,4.57e-05,49.10705391888046,0.024246523086724665,-0.2029743108071217,228.63764443
1477.0,0.20823411,0.00188364,4.472e-05,47.868019106371754,0.024232805485706,-0.2006986564428666,228.61622195
1478.0,0.20832106,0.00189362,4.194e-05,43.53980740795161,0.024268592953165084,-0.2012957436643635,228.60754782
1479.0,0.20799869,0.00186688,4.15e-05,60.11479385035708,0.024347786123682765,-0.20524715053520223,228.56352003
1480.0,0.20818175,0.00185909,4.096e-05,51.093415214972076,0.024373481618850598,-0.20648928829221663,228.56141721
1481.0,0.20816994,0.00185369,4.095e-05,51.70677261020212,0.024356792877174443,-0.21019701072322966,228.53263487
1482.0,0.20823688,0.00184156,4.254e-05,48.51047442421068,0.02438629376263619,-0.20895553909671657,228.48992134
1483.0,0.208157,0.0018179,4.367e-05,52.69266110804057,0.02436169447547208,-0.20760836693057091,228.51160667
1484.0,0.2082106,0.00179814,4.531e-05,50.162767948629266,0.024350976446797776,-0.2083010139497799,228.48886993
1485.0,0.2082109,0.00177152,4.782e-05,50.276259461939226,0.024299603947277454,-0.20847799715614723,228.47691014
1486.0,0.20822589,0.00174835,4.827e-05,49.98607216102383,0.024409610773566064,-0.20774119993474993,228.45509339
1487.0,0.20828431,0.00174161,4.791e-05,47.3492379179142,0.024523612503638617,-0.21030644485514308,228.45680193
1488.0,0.20827148,0.00174137,4.701e-05,48.06804048294482,0.024550807340708445,-0.2110576481772081,228.42394537
1489.0,0.20830885,0.00172132,4.724e-05,46.44867756443653,0.024583114548144706,-0.21217788953085837,228.40554569
1490.0,0.20831829,0.00170123,4.582e-05,46.13332327186074,0.024543380129058913,-0.209077233966843,228.38846028
1491.0,0.20831039,0.00168046,4.637e-05,46.3775003672278,0.024352204050716707,-0.20917793514806626,228.35034667
1492.0,0.20832743,0.00166236,4.734e-05,45.93238872186063,0.024478079544995757,-0.21433069744047958,228.33562693
1493.0,0.20836008,0.00169336,4.843e-05,43.94641453319313,0.024480011340999776,-0.21508684329496278,228.29067916
1494.0,0.20835844,0.00171381,4.822e-05,43.79306949061433,0.024466286271517583,-0.21479291067752887,228.32774136
1495.0,0.20835597,0.0016863,4.823e-05,44.17078655208778,0.024446583739449388,-0.21561387101338467,228.30750172
1496.0,0.20837702,0.00169097,4.696e-05,43.043713465252445,0.024423311019926425,-0.2154222546079489,228.24796563
1497.0,0.20839755,0.00169093,4.668e-05,41.9455506200835,0.024381781254538392,-0.21782293600921762,228.26754814
1498.0,0.20838995,0.00168626,4.475e-05,42.566251668774164,0.024472031364679764,-0.21964360791207535,228.24559996
1499.0,0.20840269,0.00166768,4.097e-05,42.26036662002101,0.02451540237012467,-0.21830138490470283,228.23534872
1500.0,0.2084109,0.0016247,3.865e-05,42.63600425073789,0.024687244348504955,-0.22013472471927809,228.25269698
1501.0,0.20840895,0.00162977,3.894e-05,42.57628281359614,0.02462943218278396,-0.21984968648853356,228.20433212
1502.0,0.20845802,0.00164524,4.044e-05,39.9879572165657,0.02468452690065903,-0.22160851007568644,228.16122432
1503.0,0.20844057,0.00164929,4.047e-05,40.60725353055591,0.024549177532084052,-0.22365384659504556,228.17384124
1504.0,0.2084688,0.00163306,3.845e-05,39.397602563845325,0.02455569381718349,-0.22288306711817701,228.19184663
1505.0,0.20841285,0.0016234,4.011e-05,42.22698176316138,0.024514159619526053,-0.22294683633721346,228.10865382
1506.0,0.20851603,0.00159191,4.073e-05,37.174807573542935,0.02440477435863068,-0.22100376199849964,228.08815133
1507.0,0.20848061,0.00161618,3.962e-05,38.94910805537994,0.02454984079925033,-0.22331890272006893,228.08565423
1508.0,0.20849827,0.00159171,3.984e-05,38.43763547654748,0.024630974433764448,-0.22151044147938456,228.0899913
1509.0,0.20849293,0.00157223,4.207e-05,39.081451965360365,0.024761353139879275,-0.2237684505563246,228.10773384
1510.0,0.20845556,0.00157824,4.313e-05,40.56386885319418,0.024555717488368795,-0.22239929112421508,228.07159162
1511.0,0.20847969,0.00155069,4.337e-05,39.8668375191214,0.0247019505441036,-0.22103998439217568,228.05818615
1512.0,0.20846172,0.00159017,4.229e-05,39.83155948257019,0.024366263272144945,-0.22347437827453182,228.04464924
1513.0,0.20844889,0.00159743,4.188e-05,40.6207914658104,0.024495731203965955,-0.2238629277765223,228.02585529
1514.0,0.20848061,0.00156217,4.362e-05,39.64992727150822,0.02467465896446273,-0.22334962761285762,228.01297552
1515.0,0.20847517,0.00155446,4.34e-05,40.524911676667344,0.024991056036353907,-0.22576033314242647,227.98117037
1516.0,0.20852958,0.00157503,4.355e-05,37.12557114650096,0.02474018214153749,-0.2235814618693393,227.9918159
1517.0,0.20847886,0.00153766,4.596e-05,39.896369542917796,0.024636750009442484,-0.22188890377607753,227.98090752
1518.0,0.20852352,0.00151315,4.81e-05,37.45201122105879,0.02437535353244566,-0.22220049625324026,227.94279391
1519.0,0.20853523,0.00150102,4.781e-05,37.26815285187111,0.02455429410153586,-0.2232917293761734,227.93503976
1520.0,0.2085148,0.00152354,4.766e-05,38.30183658785399,0.024706611716461158,-0.22374290050216164,227.91624581
1521.0,0.20849108,0.00153632,4.717e-05,39.53523839857104,0.024803343556261407,-0.2252235096274634,227.90126322
1522.0,0.20853677,0.00156464,4.563e-05,36.884073797398194,0.024774267187454502,-0.22677762545497893,227.85276694
1523.0,0.20855905,0.00153117,4.506e-05,36.107954515370416,0.02476993371032568,-0.22751747111002182,227.87090376
1524.0,0.20850843,0.00151802,4.259e-05,38.3344989679698,0.024426944459023717,-0.22959592170854456,227.86341246
1525.0,0.20854447,0.00149144,3.908e-05,37.354520884935916,0.024753119108533252,-0.22866485330611888,227.81754471
1526.0,0.20854395,0.00148726,3.659e-05,37.57839026865223,0.02482519767265271,-0.2294286333105932,227.8195161
1527.0,0.20853821,0.001494,3.619e-05,37.553701958319735,0.024658977403922897,-0.22869851721862464,227.80269354
1528.0,0.20854016,0.00150743,3.815e-05,37.321771331069456,0.02468793703480405,-0.23072426663109116,227.81110482
1529.0,0.20857055,0.00152455,3.924e-05,35.61691866595929,0.024716169066291056,-0.23051270591193573,227.7774597
1530.0,0.2085726,0.00151412,3.933e-05,35.68340040527059,0.024758843982832845,-0.2302310083250723,227.76983698
1531.0,0.20863184,0.0014918,3.866e-05,33.02646317701901,0.02484436503346608,-0.23135116809494782,227.7589286
1532.0,0.20857465,0.00150365,3.927e-05,35.83143353196584,0.02485594923262533,-0.23166887865566746,227.75156873
1533.0,0.20857342,0.00149566,3.946e-05,35.62135105794207,0.02461061759328094,-0.2322286522485929,227.71319227
1534.0,0.20861141,0.00150787,3.86e-05,33.78901197780552,0.024762326325133935,-0.23172024872597177,227.72226068
1535.0,0.20862824,0.00149615,3.805e-05,33.24073271850379,0.024893657246368786,-0.2307985096928178,227.70320388
1536.0,0.20857311,0.00147358,3.763e-05,36.4221563078968,0.024966653767465947,-0.23427278456671297,227.65102766
1537.0,0.20859529,0.00148625,3.685e-05,34.899828334238215,0.024782051415281385,-0.23339341488251275,227.6627246
1538.0,0.20858163,0.0014972,3.788e-05,34.949313779099796,0.02442378427012888,-0.23124162701170736,227.68598704
1539.0,0.20859077,0.00147346,3.83e-05,35.22441436338713,0.024770194338269158,-0.23176642657589694,227.64235353
1540.0,0.2085879,0.00148288,3.929e-05,35.52274959944458,0.024959732649831215,-0.23176280367465496,227.59569722
1541.0,0.20859488,0.00146271,3.973e-05,35.31403623755359,0.02491827500116129,-0.2340195880252142,227.61593686
1542.0,0.2085765,0.00146259,3.801e-05,36.192097714082024,0.024851929451350764,-0.23442553290545992,227.57821753
1543.0,0.20855946,0.00148754,3.621e-05,36.61363926865566,0.02470657179123081,-0.23316501363039532,227.61646256
1544.0,0.20858441,0.00148105,3.627e-05,35.66708853324212,0.024884237964380027,-0.23385021048003804,227.55285226
1545.0,0.20861839,0.00146271,3.789e-05,34.18208219775722,0.024948711461164026,-0.2319656939184692,227.53169264
1546.0,0.20860627,0.00145654,3.974e-05,34.793605135927216,0.024916830695367972,-0.2312780987351116,227.55495508
1547.0,0.20861069,0.0014929,4.047e-05,33.95024550158872,0.02476081996710931,-0.23324640806583427,227.54575525
1548.0,0.20863471,0.00148779,4.183e-05,32.798228461244584,0.02479273421808328,-0.23390899288161732,227.52459562
1549.0,0.20862065,0.00147959,4.113e-05,33.8517635397895,0.024966713113909585,-0.23465246739347226,227.52932697
1550.0,0.20865134,0.00144709,3.939e-05,32.56035433565678,0.02489517209035558,-0.2362559007891005,227.535504
1551.0,0.20863974,0.00142059,4.013e-05,33.09564140074403,0.02464927001588277,-0.2363597162454732,227.53011552
1552.0,0.20868676,0.00140679,4.173e-05,30.99512953055122,0.02478348986473748,-0.2355439624304699,227.48201352
1553.0,0.20867023,0.00141109,4.238e-05,31.809503823985068,0.02480533695966248,-0.23756095761507554,227.46479668
1554.0,0.20868769,0.00140691,3.958e-05,31.21380588686225,0.024967103860984594,-0.2352550333221765,227.46124818
1555.0,0.2087034,0.00140411,3.86e-05,30.368606657246712,0.024897518008007023,-0.2358994637249044,227.47360224
1556.0,0.20867557,0.00140565,4.068e-05,31.589962999591815,0.024778040335349093,-0.23790515319279212,227.4373286
1557.0,0.20862701,0.0014104,4.255e-05,34.202597377053365,0.02493739420283696,-0.23645904838345824,227.38002676
1558.0,0.20870381,0.00141872,4.382e-05,30.24078708702329,0.025015122202647795,-0.23660352753419905,227.46611095
1559.0,0.20869683,0.00140139,4.395e-05,30.785452810220956,0.02501573122983615,-0.23421081498697105,227.39816358
1560.0,0.20870607,0.00140687,4.507e-05,30.24953994116002,0.025031512787155763,-0.2340472194630294,227.3817353
1561.0,0.20869015,0.00143203,4.71e-05,30.615679478490897,0.024911588193037324,-0.2358183970414813,227.40434062
1562.0,0.20869272,0.00143783,4.749e-05,30.300391115904784,0.02481795066658784,-0.2350763107704759,227.37660968
1563.0,0.20872239,0.00141637,4.754e-05,29.210256896337725,0.024987426209354097,-0.2340094708283606,227.34309599
1564.0,0.2087151,0.00137765,4.549e-05,30.14412572806298,0.02507537472730347,-0.2359635487163714,227.3411246
1565.0,0.20873183,0.00139502,4.362e-05,29.179872640402778,0.025121856516804954,-0.23495637437968095,227.326142
1566.0,0.20872383,0.00139677,4.243e-05,29.44359519868362,0.024992364596758007,-0.2365873517180582,227.31957069
1567.0,0.20870699,0.00139847,4.185e-05,30.43232984737835,0.02509948421353473,-0.2343878331129787,227.29078835
1568.0,0.20869518,0.00140578,4.158e-05,30.777853201821554,0.024944834314823423,-0.23833901516445538,227.28106281
1569.0,0.20877372,0.00141016,4.038e-05,26.59083096855871,0.024827447586065886,-0.23693662360934542,227.30038246
1570.0,0.20873666,0.00140939,4.037e-05,28.83817907375463,0.02512676931692523,-0.23592951936750373,227.28737127
1571.0,0.20871223,0.00138618,4.138e-05,30.23012590526088,0.02503943026167332,-0.2366469896010255,227.27357151
1572.0,0.2088036,0.00135193,4.204e-05,25.817159309897892,0.024983435146441347,-0.23591663590401,227.27528005
1573.0,0.20878727,0.00135217,4.129e-05,26.37691357100432,0.02471038710438587,-0.2363056772915558,227.2484691
1574.0,0.20878635,0.00136682,4.033e-05,26.50412804714969,0.024916684193300204,-0.23576060820806846,227.2329608
1575.0,0.2087651,0.00135899,4.02e-05,27.722278614971334,0.024953686120966795,-0.23656953411306889,227.22297241
1576.0,0.20878286,0.00134633,4.164e-05,26.825037501648826,0.024865777738805266,-0.2368290614934168,227.21127547
1577.0,0.20877341,0.00132689,4.471e-05,27.619705886584512,0.025007678208132253,-0.2370289257187424,227.19458434
1578.0,0.20877834,0.00132234,4.716e-05,27.342147296226162,0.024981141620776876,-0.23501871989158046,227.21088119
1579.0,0.20880001,0.00130327,4.881e-05,26.544567356023858,0.025115186662529605,-0.2385746277111081,227.19274437
1580.0,0.20879734,0.00130863,4.944e-05,26.60447172458291,0.02510669323403133,-0.23758720309924075,227.15384221
1581.0,0.2087881,0.00127791,4.965e-05,27.475050142442832,0.025165576263796254,-0.2357652237097474,227.15607645
1582.0,0.20884826,0.00128002,5.072e-05,24.303368403837283,0.02515435195929863,-0.23574475345890022,227.15397363
1583.0,0.20880853,0.00126626,5.101e-05,26.371006397127218,0.02502613388102251,-0.23610350690633486,227.13136832
1584.0,0.20880678,0.00125389,5.021e-05,26.539311084008144,0.02496078879148319,-0.23549192388711385,227.14398524
1585.0,0.20886304,0.00126428,5.147e-05,23.41840165835073,0.024861170798183316,-0.23739124439204065,227.11940853
1586.0,0.20888234,0.00129796,4.885e-05,22.203788243080155,0.0249607354732867,-0.2375314451171766,227.10455737
1587.0,0.20882896,0.00128521,4.701e-05,24.971942196121823,0.024814767930913972,-0.23877259446424293,227.12558557
1588.0,0.20886027,0.00126001,4.736e-05,23.83159422862482,0.02502169699190881,-0.23829706007179546,227.06420951
1589.0,0.20887577,0.00123835,4.867e-05,23.190493331071274,0.024965434288360108,-0.23715830758466827,227.08996906
1590.0,0.20887598,0.00122029,4.975e-05,23.349339857796053,0.024959595100784868,-0.23656716417686793,227.0631581
1591.0,0.20886972,0.00120884,4.813e-05,24.041759146229577,0.025188641377188892,-0.23802769377961408,227.02662161
1592.0,0.20885308,0.00121822,4.805e-05,24.791507971506444,0.025175065426893625,-0.23829207684749257,227.03437576
1593.0,0.20890873,0.00120852,4.641e-05,22.05113317123147,0.025188156222579423,-0.23875318389802488,227.02294168
1594.0,0.20883789,0.00122702,4.568e-05,25.572905555234385,0.02522105642788668,-0.23767436463090058,226.99586787
1595.0,0.20888204,0.00123145,4.699e-05,23.116506657213595,0.02512243075160272,-0.23944454625608577,227.00743338
1596.0,0.20883686,0.00125308,4.772e-05,25.236149527010014,0.02515074471942258,-0.2390461770936915,226.98035958
1597.0,0.20885473,0.00123794,4.888e-05,24.38448868209013,0.025079723522952672,-0.2394517590536753,226.95657143
1598.0,0.20882803,0.00122163,5.018e-05,25.90218983097439,0.02506541596816407,-0.23912613239306502,226.98587948
1599.0,0.2088691,0.00123826,4.909e-05,23.612059714410897,0.02505560418989036,-0.2379953493193479,226.94119456
1600.0,0.20885555,0.00123088,4.639e-05,24.392065779373926,0.025007187447251278,-0.2382309670324349,226.94645161
1601.0,0.20882074,0.00124707,4.62e-05,25.909129897531344,0.02490609619660401,-0.23787490906577188,226.94553162
1602.0,0.20883994,0.00125904,4.537e-05,25.034099445484475,0.02513074745093855,-0.23950597181176014,226.93120616
1603.0,0.20889179,0.00125937,4.56e-05,22.495845352651337,0.025304067152082096,-0.23860796857041333,226.89795533
1604.0,0.20884138,0.00123202,4.702e-05,25.38052969660611,0.02528811524537669,-0.23755595750001735,226.92542341
1605.0,0.20885411,0.00120495,5.019e-05,24.93230050022372,0.025264847944690753,-0.23851328352549692,226.89940101
1606.0,0.20887516,0.00119744,5.283e-05,23.7144588636863,0.025099175666816534,-0.23988785364402246,226.88100134
1607.0,0.20889425,0.00120057,5.371e-05,22.65959270798895,0.025079102313159983,-0.23784514072932209,226.88993833
1608.0,0.20885924,0.00117163,5.309e-05,24.842955630267248,0.025130407493991584,-0.23933778663993718,226.87193293
1609.0,0.20890883,0.00115593,5.328e-05,22.47353139092637,0.02516551696184417,-0.23828185745737407,226.86168168
1610.0,0.20887351,0.00115666,5.263e-05,24.398715348789352,0.02525899578490098,-0.24063109236573088,226.8712758
1611.0,0.20893399,0.00116461,5.098e-05,21.246095993637923,0.0253205906880115,-0.23878383899470013,226.81121401
1612.0,0.20886058,0.00118766,5.112e-05,24.631953048968693,0.02512704688953531,-0.2375005284564164,226.87153865
1613.0,0.20890257,0.00121392,4.952e-05,22.302830969340206,0.02524060501987459,-0.23981336075707857,226.8256709
1614.0,0.20895103,0.00120503,4.837e-05,19.75903062735175,0.025062135717565336,-0.23895391010817932,226.79439145
1615.0,0.20883501,0.00121737,4.708e-05,25.845116822608585,0.025262943492514442,-0.23837151345604804,226.79071152
1616.0,0.20890976,0.00122195,4.613e-05,22.033719368913815,0.025391935460471214,-0.2387779439446588,226.79294576
1617.0,0.20898932,0.00121745,4.742e-05,17.823226564212714,0.025288082910969338,-0.23929525307411212,226.78834584
1618.0,0.20886212,0.0012099,4.799e-05,24.507527854331414,0.025271530681120348,-0.2393321504050114,226.77112901
1619.0,0.20897423,0.00120101,4.756e-05,18.68478252427488,0.025151170180366934,-0.23808271690693095,226.77204899
1620.0,0.20900308,0.00119975,4.733e-05,17.253163479308313,0.025218599964016587,-0.23798409911588683,226.75680355
1621.0,0.2086765,0.00118831,5.052e-05,34.324075627976356,0.025247168482358594,-0.238695058906641,226.73735246
1622.0,0.20888337,0.00116863,5.364e-05,23.760408182128703,0.025283657334300016,-0.2385916170452675,226.7064673
1623.0,0.20862732,0.00115617,5.516e-05,37.07556833475529,0.025199582361645895,-0.2400263062545692,226.70659873
1624.0,0.20869333,0.0011453,5.482e-05,33.74982184096552,0.02518039526390162,-0.2391000579062671,226.73524964
1625.0,0.20887731,0.00116875,5.319e-05,23.99663321051279,0.025193148549230923,-0.23974904483042483,226.67531928
1626.0,0.20888583,0.00116413,5.266e-05,23.78967531993107,0.025380485210921226,-0.2391170038373184,226.7144843
1627.0,0.2088882,0.00115366,5.312e-05,23.77981636707414,0.0253888852321002,-0.23714915061595593,226.72355271
1628.0,0.20889518,0.00113381,5.217e-05,23.638869210389316,0.025377973759036627,-0.23792951019137354,226.71054151
1629.0,0.20895493,0.00111624,5.136e-05,20.61813998312132,0.02525134120764346,-0.23909133462612994,226.66454233
1630.0,0.20889353,0.0011231,4.976e-05,23.729766547491085,0.02521226096583937,-0.23867287538266932,226.67045651
1631.0,0.20891581,0.00114217,4.735e-05,22.39755502330564,0.025199891122154604,-0.23831189954720322,226.65678818
1632.0,0.20892906,0.00113767,4.699e-05,21.725889452804413,0.025154677554575212,-0.2393394358188504,226.67400502
1633.0,0.20890298,0.00112432,4.892e-05,23.22118881260686,0.025191043323946376,-0.23982354303592993,226.68990759
1634.0,0.20893008,0.00114757,4.994e-05,21.73137306464926,0.02541012857477473,-0.23857063580790627,226.66546231
1635.0,0.20892351,0.00114895,4.818e-05,22.01541990352583,0.02532199592761313,-0.2390824880045201,226.64522267
1636.0,0.20893368,0.00112079,4.69e-05,21.873314744086557,0.025389443829017776,-0.23906447265097347,226.61144613
1637.0,0.20893522,0.00112545,4.643e-05,21.69007723394017,0.025319202789204086,-0.23869275264719447,226.59396644
1638.0,0.20897423,0.00114233,4.592e-05,19.435566392569743,0.025261694606015624,-0.23860941652338194,226.594755
1639.0,0.20897228,0.0011399,4.789e-05,19.466560180749724,0.02518203868966883,-0.23959632823800453,226.60119488
1640.0,0.2089421,0.00115321,4.739e-05,20.95951191935415,0.025257267460216445,-0.23836388630129474,226.58029811
1641.0,0.20893532,0.00116615,4.586e-05,21.15375164693027,0.025203387640228135,-0.23941550285293434,226.56465839
1642.0,0.2089769,0.00117244,4.566e-05,18.997325433067758,0.025293727473364697,-0.23768427229879058,226.60093203
1643.0,0.20895257,0.00115642,4.781e-05,20.551736879101355,0.02547997088416192,-0.23903473100089917,226.5657098
1644.0,0.20895883,0.00114185,4.858e-05,20.30805913386046,0.025403557333831397,-0.23968450872980204,226.58095524
1645.0,0.20899918,0.00115284,4.793e-05,18.025959146658437,0.025317774853145875,-0.2401894608553182,226.5286476
1646.0,0.20893378,0.00112967,4.776e-05,21.606693512105082,0.025215920468791314,-0.23874057953355218,226.51090506
1647.0,0.20890698,0.00111762,4.738e-05,23.151523280395576,0.025232028463175418,-0.23950513502995613,226.55637854
1648.0,0.20897834,0.00113909,4.836e-05,19.145059082119015,0.02517231066410066,-0.23904944032382422,226.53167041
1649.0,0.20897875,0.00116031,4.786e-05,19.057748756333552,0.025379160552861584,-0.239031786528595,226.51484785
1650.0,0.2089731,0.00115025,4.636e-05,19.545982321663754,0.025451499211769178,-0.2396591488788918,226.50972222
1651.0,0.20894158,0.00113223,4.611e-05,21.424006849183208,0.025478495654551285,-0.2389447943723238,226.47384286
1652.0,0.20900616,0.0011102,4.642e-05,18.19234299228855,0.025370509479739272,-0.23913482045669374,226.4645116
1653.0,0.20890462,0.00108378,4.56e-05,23.868409636107803,0.025439202353709257,-0.24014208573723808,226.48580265
1654.0,0.20897064,0.0010882,4.681e-05,20.032199935587787,0.025056837091345933,-0.23804670314531154,226.45991168
1655.0,0.20900513,0.00112752,4.786e-05,18.000605851623053,0.025328166786565198,-0.23819106479496285,226.42600371
1656.0,0.20898532,0.00113462,4.94e-05,18.999750024089035,0.025422372154768478,-0.23842231833323954,226.47909991
1657.0,0.2090116,0.00114712,5.164e-05,17.4373938537979,0.025410900105642484,-0.23886448269920812,226.42863224
1658.0,0.20901458,0.00113657,5.106e-05,17.4284636245962,0.025441589730203055,-0.2411989583186236,226.43480927
1659.0,0.20900144,0.00115025,5.047e-05,17.89131030985457,0.025318851817970382,-0.23961109610149048,226.47174004
1660.0,0.20904764,0.00115966,5.051e-05,15.289200804102682,0.025174663427221744,-0.23932595156066494,226.41811814
1661.0,0.20897772,0.0011369,5.13e-05,19.16943506068352,0.025200051748143878,-0.23953043216117384,226.42534658
1662.0,0.20902043,0.00111718,5.106e-05,17.26674434418354,0.025342166601768416,-0.2384078150506591,226.42337519
1663.0,0.20900175,0.00110297,4.955e-05,18.551817141149026,0.02551672432703991,-0.23962496196095615,226.37606174
1664.0,0.20899579,0.0010895,4.882e-05,18.843470919920136,0.025271018470440745,-0.23923773631539966,226.39354143
1665.0,0.20901006,0.00108382,4.811e-05,18.189020844787876,0.025290533369956205,-0.23738161677323416,226.37251323
1666.0,0.20900903,0.00107327,4.735e-05,18.459006240388426,0.025411084083070204,-0.24004571536997213,226.3713304
1667.0,0.20901591,0.00105943,4.735e-05,18.156657330832697,0.0252805856830396,-0.23908970268694013,226.37777028
1668.0,0.20899918,0.00104194,4.892e-05,19.15123998557224,0.025228716432653987,-0.23879049089844032,226.38749582
1669.0,0.20901889,0.00103273,5.045e-05,18.253184224267,0.025303420752139386,-0.23963611203629154,226.30877151
1670.0,0.20899723,0.001071,5.238e-05,18.98310143701278,0.02537400688409787,-0.23869262643117448,226.36922758
1671.0,0.20900287,0.00109591,5.208e-05,18.470729771052678,0.02544242662370092,-0.2378991932683067,226.36002774
1672.0,0.20898532,0.00110577,5e-05,19.354606872917557,0.025487508488011342,-0.23946496559184682,226.31783992
1673.0,0.209,0.00111121,5.167e-05,18.499878591252152,0.02549632610168828,-0.2382684356918178,226.29983452
1674.0,0.20900791,0.00108349,5.091e-05,18.43246834410103,0.025537397337601055,-0.23909887242629538,226.30535443
1675.0,0.20899764,0.00105485,5.034e-05,19.2897092924697,0.025525560133370928,-0.24117212073332706,226.28932043
1676.0,0.20900842,0.00104377,5.192e-05,18.709932669864713,0.025381748900863088,-0.24074915985024434,226.30850866
1677.0,0.20902587,0.00103163,5.315e-05,17.982312809929116,0.0254872524362597,-0.23861746296301417,226.23228144
1678.0,0.20901314,0.00103423,5.398e-05,18.585841559029845,0.02545787272785068,-0.23772581400233767,226.28511479
1679.0,0.20904066,0.00106625,5.355e-05,16.80513433726593,0.025468295022390015,-0.24039957627138273,226.27644065
1680.0,0.20901201,0.00110338,5.193e-05,17.908873842421773,0.02543763974603377,-0.2362446365533191,226.25199538
1681.0,0.20901786,0.00110021,5.354e-05,17.535965354448134,0.025333835414701314,-0.23815722932887107,226.21020183
1682.0,0.20902536,0.00109547,5.378e-05,17.269418833081303,0.025448159836281785,-0.2390945284348459,226.19587637
1683.0,0.20903409,0.00110525,5.323e-05,16.74016766017882,0.025487785916320796,-0.23829347673901968,226.2255787
1684.0,0.20904753,0.0010729,5.485e-05,16.34275449103108,0.025460279952154195,-0.23835464751343774,226.24726403
1685.0,0.2090422,0.00107607,5.603e-05,16.533552894982485,0.025410025048327806,-0.2406554180054697,226.23398998
1686.0,0.20905123,0.00108836,5.5e-05,15.926761082338873,0.025381696197896347,-0.2385529507916693,226.19692778
1687.0,0.20903049,0.00110585,5.282e-05,16.917354688619255,0.02546855976802734,-0.23952946555127824,226.16328267
1688.0,0.20900862,0.00111336,5.169e-05,18.000556682858228,0.02546466393997384,-0.23914721219786036,226.19153931
1689.0,0.20899497,0.00110922,5.026e-05,18.759126317300865,0.025425162894267144,-0.23865610750079846,226.18168234
1690.0,0.20900329,0.00110488,4.92e-05,18.414771883426532,0.025459484179743908,-0.2373481068690046,226.19889918
1691.0,0.20899476,0.00109969,5.101e-05,18.763350207411396,0.02529347138369034,-0.23871317347376353,226.16709403
1692.0,0.20897413,0.00106154,5.123e-05,20.372581688109317,0.025445766207061685,-0.23919530055786328,226.13371176
1693.0,0.20901273,0.00104799,5.149e-05,18.43693027800363,0.025369154421575467,-0.23957896127177805,226.16709403
1694.0,0.20905585,0.00104149,4.989e-05,16.442841655307042,0.025618951172247113,-0.23768747564977472,226.14974576
1695.0,0.20902649,0.0010503,4.951e-05,17.80328651563825,0.02547684668534836,-0.23871214704026167,226.16761973
1696.0,0.20896263,0.00105894,4.846e-05,21.09859327984725,0.025499457538483518,-0.23952013616298434,226.15868275
1697.0,0.20903255,0.00104965,4.818e-05,17.580439973715755,0.02557003635179565,-0.23914404732419195,226.14002022
1698.0,0.2090155,0.00104397,5.004e-05,18.569951171134374,0.025656086202666545,-0.23785959896468037,226.1028266
1699.0,0.20897916,0.00103131,5.208e-05,20.502078435525817,0.025541709483869343,-0.23729881467686234,226.09586101
1700.0,0.20899497,0.00105148,5.336e-05,19.46497059952702,0.025594701556649776,-0.2395951776369808,226.08363837
1701.0,0.20902341,0.00109924,5.244e-05,17.428675542794128,0.025556807777042147,-0.24053404203343556,226.12162055
1702.0,0.20898203,0.00101772,5.174e-05,20.401252511530835,0.02541019072356827,-0.23877922687924844,226.11228929
1703.0,0.20900955,0.00102749,5.162e-05,18.80732169485732,0.0253452352312679,-0.23916541287053422,226.03987343
1704.0,0.20899682,0.00106605,5.161e-05,18.944819687768117,0.025204013996014313,-0.23918246161722936,226.09704384
1705.0,0.2090308,0.0010643,5.08e-05,17.29817505426839,0.02532807446009763,-0.23823375575731415,226.08035271
1706.0,0.20900832,0.00105789,5.061e-05,18.48619676227874,0.02524778085802046,-0.23819803711276819,226.04066199
1707.0,0.20895688,0.00104052,5.373e-05,21.319074209624752,0.02527601755667319,-0.24000321704241237,226.07102145
1708.0,0.20903501,0.0010697,5.546e-05,16.902004254166172,0.025278088032169167,-0.2387242326413348,226.05459317
1709.0,0.20897967,0.00108333,5.682e-05,19.68561378763602,0.025373240493570325,-0.23730502144545151,226.00741115
1710.0,0.20906725,0.00107501,5.629e-05,15.15493222406048,0.02528727614964917,-0.2384978545676771,226.03487923
1711.0,0.20898819,0.00104316,5.338e-05,19.705957440062512,0.025327330462019508,-0.23837279752109364,225.98796007
1712.0,0.20906396,0.00101849,5.276e-05,15.98717243021165,0.02525671006118273,-0.23904965262830208,226.00149697
1713.0,0.20907402,0.0010001,5.156e-05,15.792312307733042,0.025428806829551214,-0.23932696685915386,226.01490245
1714.0,0.20907094,0.00100396,4.999e-05,16.0034433952204,0.025530329426212372,-0.09171340661124222,80.68383258
1715.0,0.20913152,0.0009521,4.55e-05,13.434873540796273,0.025466651088883803,0.1292829952577192,-158.75442355
1716.0,0.20908491,0.0008907,3.903e-05,16.72181428115628,0.02554115341125502,0.13058179025768035,-158.7671719
1717.0,0.20919887,0.00082375,3.26e-05,11.583155581037055,0.02555321065482975,0.13118533137997457,-158.81540534
1718.0,0.20929804,0.00078714,2.939e-05,6.864599863888,0.02571573465550835,0.13131645779127785,-158.75678922
1719.0,0.20924845,0.00075927,2.23e-05,9.887703308644014,0.025598506594821397,0.12908684991554964,-158.78149736
1720.0,0.20928716,0.00070497,1.725e-05,8.571950875852165,0.02570284746680101,0.13177287290491807,-158.80449696
1721.0,0.20933213,0.00064296,1.278e-05,6.959681730614119,0.025704706154495455,0.13132864162202854,-158.78662298
1722.0,0.20949999,0.00061087,1.02e-05,-1.5359951603613171,0.02573251082787329,0.13037241470434913,-158.82657657
1723.0,0.20950553,0.00062255,6.93e-06,-1.909910640795204,0.025866100429078307,0.12986186001516004,-158.81540534
1724.0,0.20942422,0.00062478,6.3e-06,2.4078561950735953,0.025794460155096437,0.130442054224028,-158.78504587
1725.0,0.20949229,0.00062178,7.02e-06,-1.1949534435179228,0.025831976153670676,0.13214294287376838,-158.78215449
1726.0,0.20941077,0.00061115,6.8e-06,3.2722551893719802,0.02584383508203831,0.13042635822453408,-158.76612049
1727.0,0.20946436,0.00060709,7.06e-06,0.4545206506252032,0.025720979386394976,0.13165971598077864,-158.70224732
1728.0,0.20946344,0.00059204,7.59e-06,0.6613994646744908,0.02573894055283392,0.128449165567471,-157.14340033
1729.0,0.20945882,0.00054432,8.41e-06,1.426545195796343,0.02581277300771783,0.11690137825191298,-56.02670877
1730.0,0.20950789,0.00053628,8.26e-06,-1.084719813719829,0.025612386126992587,0.11469207918928721,-1.74085903
1731.0,0.20949239,0.00052403,7.7e-06,-0.12056645959601305,0.025713681357995156,0.11638080030644,-1.65083212
1732.0,0.20946765,0.00051149,5.32e-06,1.3782992493531936,0.02578841051433772,0.11667270501204728,-1.58564475
1733.0,0.20948459,0.00054971,4.84e-06,0.060148192850844814,0.025760679405523144,0.11552356068219802,-1.58419906
1734.0,0.20947771,0.00056282,4.19e-06,0.2919048512482544,0.025786436732360644,0.10571987386927938,-1.54332553
1735.0,0.20948017,0.00058599,5.36e-06,-0.1188943087322123,0.025828247162282606,0.10682075922580922,-1.57815346
1736.0,0.20948428,0.00058696,4.61e-06,-0.3332572646460434,0.025704600851942514,0.10649379908963993,-1.52689726
1737.0,0.20947524,0.00055158,5.44e-06,0.5276213156782471,0.025886898254771945,0.10539498215387073,-1.52545157
1738.0,0.20946026,0.00055641,6.32e-06,1.2529925230426346,0.02580316687554436,0.10520654214399482,-1.55265679
1739.0,0.20947781,0.00056047,7.47e-06,0.253985407782024,0.025937487978841205,0.10895665655522936,-1.52282305
1740.0,0.20949547,0.0005586,8.33e-06,-0.6849982310069096,0.025912739126799506,0.10617492995498289,-1.50179487
1741.0,0.20950594,0.00056582,6.6e-06,-1.2956332066886607,0.02595510957852085,0.10820269061792002,-1.50757762
1742.0,0.20951754,0.00056826,7.15e-06,-1.944375125152196,0.025824435134438963,0.10669636795515713,-1.55962237
1743.0,0.20950995,0.00053417,8.54e-06,-1.1878606447553346,0.025886387716348064,0.10605582159053704,-1.57920487
1744.0,0.20951066,0.00054001,6.73e-06,-1.2559261716002155,0.025849139388513583,0.10656632971747514,-1.53018292
1745.0,0.2095542,0.00054346,4.56e-06,-3.559469826352732,0.025729426323527916,0.1072419607913001,-1.52821152
1746.0,0.20954023,0.00056298,3.95e-06,-3.024814198622588,0.025736123488917736,0.10613683495577729,-1.57066217
1747.0,0.20953551,0.00054001,9.9e-07,-2.4768388572448767,0.025867342274081807,0.1058455502724451,-1.55646814
1748.0,0.20952894,0.00051161,3.1e-07,-1.7909557396881721,0.02579335264655831,0.10415671778646655,-1.55765098
1749.0,0.20952812,0.00050962,1.86e-06,-1.7509109745598195,0.025753298746852317,0.1074112483377864,-1.55278821
1750.0,0.20951539,0.00054574,2e-06,-1.4877989631034407,0.025897818510320147,0.10686830188595552,-1.5401713
1751.0,0.20959044,0.00054553,4.46e-06,-5.490978275745609,0.02566707716019164,0.10612193126422678,-1.5597538
1752.0,0.2095119,0.00052898,3.36e-06,-1.1359947358863907,0.02583363369647725,0.10601998567943753,-1.56855935
1753.0,0.20951754,0.00052281,6.7e-07,-1.323474639025179,0.02593974736213103,0.1062811177709495,-1.54030273
1754.0,0.20954947,0.00054756,1.05e-06,-3.3061323899932655,0.025858258699664922,0.10705042973975631,-1.58879898
1755.0,0.20946231,0.00056209,4.22e-06,1.1273690859723349,0.025992065873386195,0.10554548215858855,-1.55042254
1756.0,0.20948253,0.00055361,2.36e-06,0.17382806080831797,0.026081324524588854,0.10575273761958272,-1.5713193
1757.0,0.20953613,0.00056124,3.81e-06,-2.820299883698361,0.026060336479422123,0.1058904288152941,-1.5738164
1758.0,0.20948007,0.00054894,3.54e-06,0.33307370447795726,0.02578778884426364,0.10564724300694117,-1.57828489
1759.0,0.20951549,0.00051883,5.04e-06,-1.2388155652926884,0.025708573304173265,0.10537299830442463,-1.57237071
1760.0,0.20950379,0.0005177,3.74e-06,-0.5824827559121454,0.02572662593347128,0.10698460947915474,-1.59050752
1761.0,0.20950697,0.0005289,2.92e-06,-0.8584217418214739,0.025657238212381955,0.10675076064925694,-1.59576456
1762.0,0.20949732,0.00052748,3.31e-06,-0.3424532646850816,0.025906032522785963,0.10598374726242422,-1.56290803
1763.0,0.20949824,0.00051924,1.98e-06,-0.2731610201821845,0.02575402962515736,0.1066926913168449,-1.5969474
1764.0,0.20952298,0.00054006,3.27e-06,-1.8628856390873454,0.026034970481212016,0.10629543603666695,-1.56934791
1765.0,0.20947576,0.0005364,4.6e-06,0.6865717084291297,0.02593840444846899,0.10457604486852173,-1.5713193
1766.0,0.20951754,0.00050451,5.01e-06,-1.1949924863271462,0.025864326189746628,0.10544668055132478,-1.55751955
1767.0,0.20952103,0.00050361,4.42e-06,-1.3616342008305267,0.02589114367234479,0.1022680851881079,-1.56001665
1768.0,0.20950502,0.00049128,5.1e-06,-0.38130483256854686,0.025893345694594328,0.10584482239044506,-1.55383962
1769.0,0.20953038,0.00050577,4.58e-06,-1.887234644335599,0.02587974095779338,0.10441279207801771,-1.54542835
1770.0,0.20950225,0.0005351,6.79e-06,-0.7601695322560797,0.026067923956271433,0.10475156879689636,-1.52216592
1771.0,0.2094926,0.00053275,7.18e-06,-0.22087858406401245,0.025922213882593005,0.10470071930146062,-1.53504568
1772.0,0.20951549,0.00054318,5.19e-06,-1.5204595522072493,0.02584852189981566,0.10530909046251846,-1.53754278
1773.0,0.20952257,0.00054939,5.58e-06,-1.9772109059814487,0.025883626836031598,0.10740610074170324,-1.54831972
1774.0,0.20952227,0.00051806,6.24e-06,-1.6225740925087022,0.02588120981460925,0.10468164256300072,-1.50784047
1775.0,0.20951477,0.00049911,7.65e-06,-1.0458816643449538,0.026123319376541894,0.10472396235719525,-1.53031434
1776.0,0.20952545,0.00048243,7.54e-06,-1.4182275058441256,0.025892669676791852,0.10390508721205106,-1.54306268
1777.0,0.20951231,0.00049822,8.1e-06,-0.8992454985485692,0.025767286606592717,0.10505619668062134,-1.55265679
1778.0,0.20955728,0.00052739,6.96e-06,-3.6071033887147506,0.0258654531607286,0.10408444094592596,-1.57841631
1779.0,0.20952278,0.00055576,6.39e-06,-2.0698034889616683,0.02582298029773529,0.10590053674073387,-1.59366174
1780.0,0.209508,0.00053835,5.66e-06,-1.082642817669641,0.026012493553773417,0.1062170207162769,-1.55344534
1781.0,0.20951313,0.00055897,5.09e-06,-1.58007640334985,0.026026504165466504,0.10542340085471281,-1.61206141
1782.0,0.2095237,0.00058092,4.07e-06,-2.3653538573071593,0.025913824008803637,0.10558585651242118,-1.56211947
1783.0,0.20949927,0.0005657,2.92e-06,-0.863989900524945,0.02580143812395412,0.10512963355137898,-1.57158215
1784.0,0.20949013,0.00054184,3.11e-06,-0.11556559243785218,0.025936520432981697,0.1037316565963306,-1.56487942
1785.0,0.20950543,0.00052439,3.14e-06,-0.7408678399304502,0.02600617788627301,0.10534459809564335,-1.5572567
1786.0,0.20949917,0.00054383,5.65e-06,-0.6699809705081813,0.025998040128257915,0.10628483200555863,-1.58787899
1787.0,0.20951077,0.00056404,6.83e-06,-1.5321669919996816,0.02584846970654928,0.10225704651213234,-1.5853819
1788.0,0.20947483,0.00057345,7.68e-06,0.262976087028814,0.025838763484711973,0.10523485738674673,-1.55896524
1789.0,0.20949804,0.00055373,6.8e-06,-0.7431527692092363,0.026039441909428005,0.1042594758453747,-1.54056558
1790.0,0.20950461,0.00052293,4.25e-06,-0.702389994300085,0.02605606923269463,0.10489971923420736,-1.54279983
1791.0,0.20951149,0.00050098,4.17e-06,-0.8201732638996063,0.025954939834729886,0.10361995578310239,-1.50954901
1792.0,0.20951621,0.00049761,2.32e-06,-1.0021172970639782,0.02598917595880534,0.10362346554523261,-1.56080521
1793.0,0.20950009,0.00051031,2.11e-06,-0.2756152501963669,0.025869100914592432,0.10472020845465528,-1.57959915
1794.0,0.2094929,0.00050982,4.4e-07,0.14484397954449818,0.025978268125982897,0.10421825742151361,-1.55515388
1795.0,0.20951128,0.00051774,1.68e-06,-0.9511688476745797,0.025961343570296332,0.10535995834531278,-1.59234748
1796.0,0.20950327,0.00051035,2.94e-06,-0.4610989137891723,0.02587351462148914,0.10306294303062596,-1.57552494
1797.0,0.20952648,0.00049696,3.02e-06,-1.5464383665144097,0.025791917085327562,0.10461141595670176,-1.52992006
1798.0,0.20951385,0.0004813,3.61e-06,-0.7140325997336289,0.02590812357032532,0.10200333450873954,-1.56777079
1799.0,0.20951395,0.00048251,2.43e-06,-0.7172396801148305,0.02613032567266569,0.10424895662042219,-1.56369658
1800.0,0.20951487,0.00048978,9.7e-07,-0.8165617621925758,0.025965240574209777,0.10131743418069307,-1.59155893
1801.0,0.20952052,0.0005037,1.91e-06,-1.2892611408548815,0.025894580784185568,0.10395592530795636,-1.58669616
1802.0,0.20952011,0.00049152,1.69e-06,-1.1245899389510705,0.025840433492789132,0.10339296446040144,-1.54503407
1803.0,0.20951292,0.00051214,6e-08,-0.9480384135148016,0.026013091725623876,0.10245091318597248,-1.57723348
1804.0,0.20950861,0.0005067,-1.38e-06,-0.6292660324546122,0.026026735979790994,0.10288796484883873,-1.56553655
1805.0,0.20953592,0.00050601,-1.41e-06,-2.0720374628383276,0.02584100144216192,0.10403350313952389,-1.5859076
1806.0,0.2095236,0.00052496,-1.91e-06,-1.6201858925973254,0.025877132582222167,0.10290584818547009,-1.59563314
1807.0,0.20952884,0.00054809,-1.47e-06,-2.1761643217403317,0.025989042158383612,0.10378645466370118,-1.59655312
1808.0,0.20947884,0.0005485,8.2e-07,0.45664658710284006,0.025973709183168693,0.1043780056312553,-1.548714
1809.0,0.2094583,0.00056071,2.2e-07,1.4335565495157492,0.026022222332580933,0.1038211765436698,-1.56671938
1810.0,0.2094889,0.00055913,-1.29e-06,-0.1623752773663119,0.02594891439649384,0.10337039438263781,-1.57394782
1811.0,0.20944763,0.00054143,-4.4e-07,2.2198391858762907,0.02584380232822105,0.10331182104652303,-1.55686242
1812.0,0.2094889,0.00051266,1.69e-06,0.3045260807125719,0.02601393599887141,0.10339224149412334,-1.5853819
1813.0,0.20950399,0.0005,4.5e-07,-0.34117998227747093,0.026129079491080835,0.10170407636743556,-1.58104483
1814.0,0.20953777,0.00049225,-9.4e-07,-2.0444525874756065,0.026082173339996444,0.10272129314131516,-1.57605064
1815.0,0.20955122,0.00047841,-5.9e-07,-2.6211038142537686,0.02610880461660069,0.10257772652844888,-1.61560991
1816.0,0.20953982,0.00047529,1.41e-06,-1.9841726032746536,0.0257835696173289,0.10419647884014747,-1.60733006
1817.0,0.20950379,0.00047497,1.84e-06,-0.07261985670154898,0.025788451734495083,0.10315741490007288,-1.57841631
1818.0,0.20955635,0.00048953,2.06e-06,-3.051357949958696,0.02593132536123805,0.10247702763511649,-1.60312443
1819.0,0.20950327,0.0005196,3.81e-06,-0.5852907285967932,0.026082398633333878,0.10290004874392131,-1.5738164
1820.0,0.20950553,0.0005476,5.2e-06,-1.0426508225479354,0.025938477405446057,0.10289760742354544,-1.61179855
1821.0,0.20953828,0.00056509,3.83e-06,-2.9749475962429313,0.02601927017850404,0.1003219487497313,-1.59326747
1822.0,0.20952093,0.00053425,3.32e-06,-1.6882259420316374,0.026033468903442946,0.10359466695396428,-1.58143911
1823.0,0.20951498,0.00051335,4.56e-06,-1.1637433648824407,0.026196495453576607,0.10470958099839463,-1.61416422
1824.0,0.20952986,0.00052224,6.46e-06,-2.0967447743754972,0.026107365131264482,0.10207147973265614,-1.60259872
1825.0,0.20952802,0.00048949,7.7e-06,-1.649096788546585,0.0260766526423008,0.10268562815931946,-1.54792545
1826.0,0.20954342,0.0004925,7.32e-06,-2.4970825899559217,0.026001953268939785,0.1039256334491968,-1.60509582
1827.0,0.20953767,0.00051242,5.03e-06,-2.3803669939340097,0.026113147559228563,0.10240625668458955,-1.58643331
1828.0,0.20953479,0.00050536,4.63e-06,-2.1328252847929434,0.026048960264632652,0.10186751124832914,-1.55318249
1829.0,0.20952011,0.00050609,5.21e-06,-1.35684902689752,0.025929423902407715,0.10130150438527101,-1.56067378
1830.0,0.20953346,0.00051741,5.37e-06,-2.2111012692207743,0.026052088189688995,0.10316414058948206,-1.60115303
1831.0,0.20955327,0.00051031,5.33e-06,-3.192185904663839,0.026029891080114005,0.10357703588293564,-1.57066217
1832.0,0.20952884,0.00049659,6.46e-06,-1.7405485463025745,0.025932801378313452,0.10276594160053648,-1.61390137
1833.0,0.20957914,0.00050625,7.02e-06,-4.566209355227974,0.026025661263340463,0.10259044473420413,-1.5994445
1834.0,0.20949896,0.00050808,5.33e-06,-0.25097171892639464,0.025995212713894496,0.10292455416889588,-1.60115303
1835.0,0.2095158,0.00049091,5.3e-06,-0.9600321183596967,0.025988462144631738,0.10392687605133558,-1.63216961
1836.0,0.20952411,0.00047379,2.14e-06,-1.1534704498058335,0.02596404604204167,0.10138544892319803,-1.60194159
1837.0,0.20952637,0.00047115,1.71e-06,-1.2329198260295355,0.02588054370798476,0.10302213389147648,-1.57013646
1838.0,0.20954003,0.00045703,1.91e-06,-1.8069365078557948,0.025869081185009333,0.10262027720119708,-1.57158215
1839.0,0.20954773,0.00045703,1.14e-06,-2.2029693806246935,0.025862066994072872,0.10070056892595736,-1.58971896
1840.0,0.20956836,0.00047363,2.1e-07,-3.491328785287857,0.02600642877904904,0.10465781271955284,-1.60588438
1841.0,0.20954742,0.00046628,-6.1e-07,-2.2698537336470768,0.02600227903663408,0.1050980637620311,-1.57841631
1842.0,0.20951303,0.0004903,-1.72e-06,-0.6745162726014262,0.025981649347837556,0.1010564667637275,-1.59655312
1843.0,0.20954701,0.00049379,1.3e-07,-2.5629476081749494,0.02592188910400411,0.1039105670167464,-1.6200784
1844.0,0.20952319,0.00053803,1.17e-06,-1.796839132257079,0.025812306699825354,0.10189715234426508,-1.61482135
1845.0,0.20956344,0.00050938,2.17e-06,-3.6401257206036233,0.02582400511000103,0.10263303595046602,-1.60864433
1846.0,0.20950851,0.00054229,9.8e-07,-1.0630248526979018,0.025902257494377044,0.1032679720544308,-1.60759292
1847.0,0.20956056,0.00054261,9.6e-07,-3.8358870022843794,0.025825989430957912,0.10227965893223535,-1.61968412
1848.0,0.2095197,0.00055815,1.75e-06,-1.8546475634187294,0.02592950857884093,0.1014842082985302,-1.60641008
1849.0,0.20953202,0.00056067,6e-07,-2.505368565526632,0.02577299366571826,0.10298037179525178,-1.61600419
1850.0,0.20950995,0.00056566,-1.9e-07,-1.3848279858180388,0.025991341352676733,0.1028367248417311,-1.64386653
1851.0,0.20954085,0.00053827,1.82e-06,-2.7638332564900416,0.02592574089388628,0.10085327657304034,-1.61889556
1852.0,0.2095198,0.00050646,2.96e-06,-1.312045326040579,0.02611268971897009,0.10065266280510375,-1.62993536
1853.0,0.20957206,0.00051408,3.98e-06,-4.218092042085956,0.026027283690174485,0.10144173110823652,-1.62704399
1854.0,0.20956148,0.00054103,3.58e-06,-3.967828587199565,0.02617118396762703,0.10113845891727377,-1.63913519
1855.0,0.20953982,0.0005276,4.43e-06,-2.6595367153027083,0.026143767680340473,0.1046740967645091,-1.62139266
1856.0,0.20952483,0.00052459,4.37e-06,-1.802126887077811,0.025943359789694725,0.10406460322241971,-1.62139266
1857.0,0.20954958,0.00052622,3.04e-06,-3.105586867755567,0.025821344023845963,0.10192289068996424,-1.59550171
1858.0,0.20952956,0.00052804,1.77e-06,-2.0425034844697207,0.02590085124781939,0.10206853858226536,-1.64426081
1859.0,0.20955984,0.00053535,3.55e-06,-3.7751352764805333,0.025901586386425545,0.10178866212013715,-1.61376995
1860.0,0.20956487,0.00054354,3.2e-06,-4.131736094354324,0.025917502117221262,0.10404638021171085,-1.61521563
1861.0,0.20952555,0.00051469,4.13e-06,-1.7306771151025087,0.026026299147946963,0.1042001563634854,-1.61127285
1862.0,0.2095312,0.0004903,6.52e-06,-1.810191285922004,0.026117958435163652,0.10359915182445482,-1.59970735
1863.0,0.20949003,0.00050098,9.25e-06,0.23533711208579994,0.026040843482588612,0.10292455663739074,-1.6004959
1864.0,0.20952288,0.00051201,9.75e-06,-1.659830083647832,0.026000989165904917,0.10400584573027541,-1.62362691
1865.0,0.20953767,0.00051948,8.52e-06,-2.50744300359622,0.025931029657314662,0.10334653229455026,-1.62678113
1866.0,,0.00050228,,,0.025882275390224252,0.10218836501980574,-1.58196482
1867.0,,0.00051839,,,0.025850195487075643,0.10294100475571615,-1.63387815
1868.0,,,,,0.025960310809755645,0.10316026185591108,-1.58656473
1869.0,,,,,0.026124742273410204,0.10396644889367687,-1.60956431
1870.0,,,,,0.0260753968860902,0.10409460082152863,-1.61009001
1871.0,,,,,0.025993124129385724,0.10300241167907216,-1.61547849
1872.0,,,,,,0.10377506024896616,-1.62967251
1873.0,,,,,,0.10463570634305752,-1.63939804
1874.0,,,,,,0.10410435494540576,-1.58380478
1875.0,,,,,,0.10336276728655723,-1.579862
1876.0,,,,,,0.10360523315747114,-1.60641008
1877.0,,,,,,0.10590178263395325,-1.61495278
